1703 903
2 2 11.9982771381037
1 11.9982771381037 -0
5 -0 -0
5 -1.541 -0
5 6.28318530717959 -0
5 6.28318530717959 0.22301549389272
5 6.28318530717959 0.915006548869142
5 6.28318530717959 0.447531402832295
5 6.28318530717959 0.574875784597333
5 6.28318530717959 0.0459820975804036
5 6.28318530717959 0.468214150171695
5 6.28318530717959 -0.0341923014259177
5 6.28318530717959 0.22301549389272
5 6.28318530717959 0.376738940650044
5 6.28318530717959 -0.10298221864432
5 6.28318530717959 0.167339215126371
5 6.28318530717959 -0.140105935553038
5 -0 0.685580755803099
5 -0 0.685580755803099
5 -0 0.704215102712133
5 -0 0.704215102712133
5 -0 0.778235251138913
5 -0 0.685580755803099
5 -0 0.704215102712133
5 -0 0.777251452831609
5 -0 0.685580755803099
5 -0 0.704215102712133
5 -0 0.75580547235315
5 -0 0.704215102712133
5 -0 0.575640846250938
5 3.14159265358979 -0.447531402832295
5 3.14159265358979 -0.447531402832295
5 3.14159265358979 -0.22301549389272
5 3.14159265358979 -0.220279887009764
5 3.14159265358979 -0.376738940650044
5 3.14159265358979 -0.561495892060769
5 3.14159265358979 -0.184001171850977
5 3.14159265358979 -0
5 3.14159265358979 -0.197751990875076
5 3.14159265358979 -0.463107427909375
5 3.14159265358979 -3.71649842579215e-30
5 3.14159265358979 0.0578752285702203
5 3.14159265358979 -0.143916298547842
5 3.14159265358979 5.5447758771899e-31
5 3.14159265358979 2.3977409198659e-30
5 3.14159265358979 3.47672433380556e-30
5 6.28318530717959 0
5 3.14159265358979 0
5 3.14159265358979 0
5 3.14159265358979 0
5 3.14159265358979 0
5 3.69287825202232 -0.704215102712133
5 3.69287825202232 -0.704215102712133
5 3.69287825202232 -0.685580755803099
5 3.69287825202232 -0.522779264395928
5 3.69287825202232 -0.704215102712133
5 3.69287825202232 -0.519458151301408
5 3.69287825202232 -0.526139767802102
5 3.69287825202232 -0.685580755803099
5 3.69287825202232 -0.673802326963427
5 3.69287825202232 -0.54735769239045
5 3.69287825202232 -0.575640846250938
5 3.69287825202232 -0.575640846250938
5 3.69287825202232 -0.704215102712133
5 3.69287825202232 -0.575640846250938
5 3.69287825202232 -0.575640846250938
5 3.69287825202232 -0.575640846250938
5 7.38575650404465 -0.685580755803099
5 3.69287825202232 -0.685580755803099
5 3.69287825202232 -0.685580755803099
5 3.69287825202232 -0.685580755803099
5 3.69287825202232 -0.685580755803099
5 4.84615384615385 0.244098405526523
5 4.84615384615385 0.244098405526523
5 4.84615384615385 0.223552711352232
5 4.84615384615385 0.223552711352232
5 4.84615384615385 0.141940227709186
5 4.84615384615385 0.244098405526523
5 4.84615384615385 0.223552711352232
5 4.84615384615385 0.143024935386345
5 4.84615384615385 0.244098405526523
5 4.84615384615385 0.223552711352232
5 4.84615384615385 0.166670655750424
5 4.84615384615385 0.223552711352232
5 4.84615384615385 0.365314983184687
5 1.17547965609182 4.30763093174711
5 1.17547965609182 4.30763093174711
5 1.17547965609182 4.42471398645483
5 1.17547965609182 4.42471398645483
5 1.17547965609182 4.88979629548524
5 1.17547965609182 4.30763093174711
5 1.17547965609182 4.42471398645483
5 1.17547965609182 4.88361490841555
5 1.17547965609182 4.30763093174711
5 1.17547965609182 4.42471398645483
5 1.17547965609182 4.74886583897524
5 1.17547965609182 4.42471398645483
5 1.17547965609182 3.61685810737631
5 -0 -0.0755477422796828
5 -0 -0.0755477422796828
5 -0 -0.0972418759639792
5 -0 -0.0921908175387777
5 -0 -0.0704966838544814
1 -1.02027942775629e-16 0
5 -0 -0.236505553198583
5 -0 0.0587092909581398
5 -0 0.0587092909581398
5 -0 -0.162125468128291
5 -0 -0.159256090068757
1 0 0
5 -0 -0.100721668183241
5 -0 -0.109044214429719
1 0 0
1 0 0
5 -0 -0.282216041251722
1 0 0
5 -0 -0.0598001650597716
5 -0 -0.0822696103716133
5 -0 -0.0598001650597716
5 -0 0.128792447311047
5 -0 0.0502611357217627
1 0 0
5 -0 0.2228289286644
5 -0 -0.112939687893992
1 0 0
1 0 0
5 -0 -0.0529447499970397
1 0 0
5 -0 -0.117211541313948
5 -0 0.0296580996821972
1 0 0
1 0 0
5 -0 0.0062062064125069
1 0 0
1 0 0
5 -0 -0.28721126657122
1 0 0
1 0 0
5 -0 0.0727749970486406
1 0 0
1 0 0
5 -0 -0.111382330070953
1 0 0
1 0 0
1 0 0
1 0 0
5 -0 0.0265776524014733
1 0 0
1 0 0
5 -0 0.128902955469992
5 -0 -0.337406944451337
1 0 0
1 6.80209011116785e-17 0
1 0 0
1 -1.58494635179094e-17 0
5 -0 -0.150700244584188
5 -0 -0.468256930534074
1 6.80209011116785e-17 0
1 0 0
1 0 0
1 0 0
1 -1.58494635179094e-17 0
5 -0 -0
5 -0 0.112792613645573
5 -0 -0
5 -0 -1.0163561835478e-30
5 -0 -0.00625957555867717
5 -0 0.165201487451513
5 -0 0.0847458876792337
5 -0 -0
5 -0 -0.0729427210786851
5 -0 -0.0976808948443029
5 -0 -0
5 -0 -0.107931076761028
5 -0 -0.0233612927597754
5 -0 -0
5 -0 0.121094563384206
5 -0 -0.117511686558452
5 -0 0.0861788968331786
5 -0 0.213368438983092
5 -0 -0.0128531482382544
5 -0 0.0245152728151582
5 -0 -0
5 -0 -0.0108057929313948
5 -0 -0.0898327215956678
5 -0 0.0163787510471345
5 -0 -0.0358538767311828
5 -0 0.0751457565325289
5 -0 0.109365532064836
5 -0 -0
5 -0 0.0806662966809076
5 -0 0.0694554012306609
5 -0 -0
5 -0 0.070052967776519
5 -0 -0.0730333636154779
5 -0 -0
5 -0 -1.97203438598826e-31
5 -0 0.0323761939773056
5 -0 -0.0215218016834254
5 -0 -0.0530778869186447
5 -0 -0
5 -0 -0.0650089014375406
5 -0 0.070052967776519
5 -0 -0.133778380117346
5 -0 -0.103057349965768
5 -0 0.070052967776519
5 -0 -0.0944075995031473
5 -0 -1.03152567882463e-30
5 -0 -0.00764682557542256
5 -0 0.070052967776519
5 -0 -0
5 -0 -0.024830332693418
5 -0 -0.0310383336253998
5 -0 -0.120428366702069
5 -0 -0
5 -0 -0
5 -0 0.00601155540877255
5 -0 -0
5 -0 -0
5 -0 0.117673067298598
5 -0 -0
5 -0 -0
5 -0 0.024600943023501
5 -0 -0
5 -0 -0
5 -0 0.196266335457866
5 -0 -0
5 -0 0.125179511027139
5 -0 -0
5 -0 1.58894723617548e-30
5 -0 0.00969301934384095
5 -0 0.17758838483308
5 -0 0.0847458876792337
5 -0 -0
5 -0 0.102420327761113
5 -0 0.0592434627230697
5 -0 -0
5 -0 0.050631635768547
5 -0 0.0361752103629033
5 -0 -0
5 -0 0.175879066366723
5 -0 0.0775422885230572
5 -0 -0.0261983846372863
5 -0 0.213368438983092
5 -0 0.00779543440650129
5 -0 0.0245152728151582
5 -0 -0
5 -0 0.0167328853095089
5 -0 0.0867380128826681
5 -0 -0.00497914031832888
5 -0 0.0217453762374624
5 -0 0.0751457565325289
5 -0 -0.0332471217477102
5 -0 -0
5 -0 0.234919570452881
5 -0 -0.0211144419741209
5 -0 -0
5 -0 -0.0212961022040618
5 -0 0.050954201886259
5 -0 -0
5 -0 -1.92211359214776e-31
5 -0 -0.0212382269754916
5 -0 0.1727001816541
5 -0 -0.0530778869186447
5 -0 -0
5 -0 0.0394278987218684
5 -0 -0.0212961022040618
5 -0 0.134486254347356
5 -0 0.0869144123381687
5 -0 -0.0212961022040618
5 -0 0.0735201817281778
5 -0 -1.02512724914547e-30
5 -0 0.00463779971149379
5 -0 -0.0212961022040618
5 -0 -0
5 -0 0.0265776524014733
5 -0 0.0332225126582983
5 -0 0.128902955469992
5 -0 -0
5 -0 -0
5 -0 0.352632077991357
5 -0 -0
5 -0 -0
5 -0 -0.163429410657178
5 -0 -0
5 -0 -0
5 -0 0.286423123399195
5 -0 -0
5 -0 -0
5 -0 -0.0106161015527983
5 -0 -0
5 -0 0.125179511027139
5 -0 -0
5 -0 1.58894723617548e-30
5 -0 0.00969301934384095
5 -0 0.17758838483308
5 -0 0.0847458876792337
5 -0 -0
5 -0 0.102420327761113
5 -0 0.0592434627230697
5 -0 -0
5 -0 0.050631635768547
5 -0 0.0361752103629033
5 -0 -0
5 -0 0.175879066366723
5 -0 0.0775422885230572
5 -0 -0.0261983846372863
5 -0 0.213368438983092
5 -0 0.00779543440650129
5 -0 0.0245152728151582
5 -0 -0
5 -0 0.0167328853095089
5 -0 0.0867380128826681
5 -0 -0.00497914031832888
5 -0 0.0217453762374624
5 -0 0.0751457565325289
5 -0 -0.0332471217477102
5 -0 -0
5 -0 0.234919570452881
5 -0 -0.0211144419741209
5 -0 -0
5 -0 -0.0212961022040618
5 -0 0.050954201886259
5 -0 -0
5 -0 -1.92211359214776e-31
5 -0 -0.0212382269754916
5 -0 0.1727001816541
5 -0 -0.0530778869186447
5 -0 -0
5 -0 0.0394278987218684
5 -0 -0.0212961022040618
5 -0 0.134486254347356
5 -0 0.0869144123381687
5 -0 -0.0212961022040618
5 -0 0.0735201817281778
5 -0 -1.02512724914547e-30
5 -0 0.00463779971149379
5 -0 -0.0212961022040618
5 -0 -0
5 -0 0.0265776524014733
5 -0 0.0332225126582983
5 -0 0.128902955469992
5 -0 -0
5 -0 -0
5 -0 0.11456182355887
5 -0 -0
5 -0 -0
5 -0 0.0257805484618435
5 -0 -0
5 -0 -0
5 -0 0.427125009859908
5 -0 -0
5 -0 -0
5 -0 -0.120107391212194
5 -0 -0
5 -0 -0.0972418759639792
5 -0 -0
5 -0 -2.9226218627631e-30
5 -0 0.155737445478005
5 -0 -0.101883836882619
5 -0 -0.0437110368029732
5 -0 -0
5 -0 -0.19279451639561
5 -0 -0.111519021613912
5 -0 0.224999158930358
5 -0 -0.22136893085136
5 -0 -0.0680956831508348
5 -0 0.0752700047704624
5 -0 -0.136896878546144
5 -0 -0.145964461770525
5 -0 0.133232574504094
5 -0 -0.110053194843911
5 -0 -0.0146740109053404
5 -0 -0.0675955994662729
5 -0 -0
5 -0 -0.0314977368425765
5 -0 0.0480464200685916
5 -0 0.0253215491188699
5 -0 -0.0409331759347671
5 -0 -0.0387593902115149
5 -0 0.239842942638453
5 -0 -0
5 -0 -0.201714486690279
5 -0 0.107378050302602
5 -0 -0
5 -0 0.108301888182498
5 -0 -0.0959154391098858
5 -0 -0
5 -0 0.111005334901441
5 -0 0.0822696103716133
5 -0 -0.250351622877716
5 -0 -0.0368596436935033
5 -0 0.0560994644326794
5 -0 -0.0404151550946532
5 -0 0.108301888182498
5 -0 -0.0477898962000038
5 -0 -0.163606409595069
5 -0 0.126776672504873
5 -0 -0.138393307182748
5 -0 0.128040632563521
5 -0 0.0150898957915549
5 -0 0.108301888182498
5 -0 -0
5 -0 -0
5 -0 -0.337406944451337
5 -0 -0
5 -0 -0
5 -0 0.337406944451337
5 -0 -0
5 -0 -0
5 -0 -0.468256930534074
5 -0 -0
5 -0 -0
5 -0 0.468256930534074
5 -0 -0
5 -0 -0.0755477422796828
5 -0 -0
5 -0 1.5662644651782e-30
5 -0 0.00969301934384095
5 -0 -0.0801897031983223
5 -0 -0.0437110368029732
5 -0 -0
5 -0 0.102420327761113
5 -0 0.0592434627230697
5 -0 -0
5 -0 -0.047737068454845
5 -0 0.0361752103629033
5 -0 -0
5 -0 -0.0409485312788843
5 -0 0.0775422885230572
5 -0 -0.0261983846372863
5 -0 -0.110053194843911
5 -0 0.00779543440650129
5 -0 -0.0675955994662729
5 -0 -0
5 -0 0.0167328853095089
5 -0 0.0867380128826681
5 -0 -0.00497914031832888
5 -0 0.0217453762374624
5 -0 -0.0387593902115149
5 -0 -0.0332471217477102
5 -0 -0
5 -0 -0.0318303080229188
5 -0 -0.0211144419741209
5 -0 -0
5 -0 -0.0212961022040618
5 -0 0.050954201886259
5 -0 -0
5 -0 4.1603899856296e-31
5 -0 0.0062062064125069
5 -0 0.089804393690543
5 -0 -0.0368596436935033
5 -0 -0
5 -0 0.0394278987218684
5 -0 -0.0212961022040618
5 -0 0.134486254347356
5 -0 0.0869144123381687
5 -0 -0.0212961022040618
5 -0 0.0735201817281778
5 -0 7.83132232589102e-31
5 -0 0.00463779971149379
5 -0 -0.0212961022040618
5 -0 -0
5 -0 0.0265776524014733
5 -0 0.0332225126582983
5 -0 0.128902955469992
5 -0 -0
5 -0 -0
5 -0 0.0972418759639792
5 -0 -0
5 -0 -0
5 -0 -0.0265776524014733
5 -0 -0
5 -0 -0
5 -0 -0.0587092909581398
5 -0 -0
5 -0 -0
5 -0 -0.259720950701239
5 -0 -0
5 -0 -0.0755477422796828
5 -0 -0
5 -0 1.5662644651782e-30
5 -0 0.00969301934384095
5 -0 -0.0801897031983223
5 -0 -0.0437110368029732
5 -0 -0
5 -0 0.102420327761113
5 -0 0.0592434627230697
5 -0 -0
5 -0 -0.047737068454845
5 -0 0.0361752103629033
5 -0 -0
5 -0 -0.0409485312788843
5 -0 0.0775422885230572
5 -0 -0.0261983846372863
5 -0 -0.110053194843911
5 -0 0.00779543440650129
5 -0 -0.0675955994662729
5 -0 -0
5 -0 0.0167328853095089
5 -0 0.0867380128826681
5 -0 -0.00497914031832888
5 -0 0.0217453762374624
5 -0 -0.0387593902115149
5 -0 -0.0332471217477102
5 -0 -0
5 -0 -0.0318303080229188
5 -0 -0.0211144419741209
5 -0 -0
5 -0 -0.0212961022040618
5 -0 0.050954201886259
5 -0 -0
5 -0 4.1603899856296e-31
5 -0 0.0062062064125069
5 -0 0.089804393690543
5 -0 -0.0368596436935033
5 -0 -0
5 -0 0.0394278987218684
5 -0 -0.0212961022040618
5 -0 0.134486254347356
5 -0 0.0869144123381687
5 -0 -0.0212961022040618
5 -0 0.0735201817281778
5 -0 7.83132232589102e-31
5 -0 0.00463779971149379
5 -0 -0.0212961022040618
5 -0 -0
5 -0 0.0265776524014733
5 -0 0.0332225126582983
5 -0 0.128902955469992
5 -0 -0
5 -0 -0
5 -0 -0.128792447311047
5 -0 -0
5 -0 -0
5 -0 -0.150700244584188
5 -0 -0
5 -0 -0
5 -0 0.0921908175387777
5 -0 -0
5 -0 -0
5 -0 -0.128902955469992
5 -0 -0
5 -0 -0
5 -0 -0
5 -0 -0
5 -0 -0
5 -0 -0
5 -0 -0
5 -0 -0
5 -0 -0
5 -0 -0
5 -0 -0
5 -0 -0
5 -0 -0
5 -0 -0
5 -0 -0
5 -0 -0
5 -0 -0
5 -0 -0
5 -0 -0
5 -0 -0
5 -0 -0
5 -0 -0
5 -0 -0
5 -0 -0
5 -0 -0
5 -0 -0
5 -0 -0
5 -0 -0
5 -0 -0
5 -0 -0
5 -0 -0
5 -0 -0
5 -0 -0
5 -0 -0
5 -0 -0
5 -0 -0
5 -0 -0
5 -0 -0
5 -0 -0
5 -0 -0
5 -0 -0
5 -0 -0
5 -0 -0
5 -0 -0
5 -0 -0
5 -0 -0
5 -0 -0
5 -0 -0
5 -0 -0
5 -0 -0
5 -0 -0
5 -0 -0
5 -0 -0
5 -0 -0
5 -0 -0
5 -0 -0
5 -0 -0
5 -0 -0
5 -0 0.0459820975804036
5 -0 -0
5 -0 -0
5 -0 0.466165749741329
5 -0 -0
5 -0 -0
5 -0 0.447531402832295
5 -0 -0
5 -0 -0
5 -0 0.22301549389272
5 -0 -0
5 -0 -0
5 -0 -0
5 -0 -0
5 -0 -0
5 -0 -0
5 -0 -0
5 -0 -0
5 -0 -0
5 -0 -0
5 -0 -0
5 -0 -0
5 -0 -0
5 -0 -0
5 -0 -0
5 -0 -0
5 -0 -0
5 -0 -0
5 -0 -0
5 -0 -0
5 -0 -0
5 -0 -0
5 -0 -0
5 -0 -0
5 -0 -0
5 -0 -0
5 -0 -0
5 -0 -0
5 -0 -0
5 -0 -0
5 -0 -0
5 -0 -0
5 -0 -0
5 -0 -0
5 -0 -0
5 -0 -0
5 -0 -0
5 -0 -0
5 -0 -0
5 -0 -0
5 -0 -0
5 -0 -0
5 -0 -0
5 -0 -0
5 -0 -0
5 -0 -0
5 -0 -0
5 -0 -0
5 -0 -0
5 -0 -0
5 -0 0.447531402832295
5 -0 -0
5 -0 -0
5 -0 0.0459820975804036
5 -0 -0
5 -0 -0
5 -0 0.22301549389272
5 -0 -0
5 -0 -0
5 -0 0.466165749741329
5 -0 -0
5 -0 -0
5 -0 -0
5 -0 -0
5 -0 -0
5 -0 -0
5 -0 -0
5 -0 -0
5 -0 -0
5 -0 -0
5 -0 -0
5 -0 -0
5 -0 -0
5 -0 -0
5 -0 -0
5 -0 -0
5 -0 -0
5 -0 -0
5 -0 -0
5 -0 -0
5 -0 -0
5 -0 -0
5 -0 -0
5 -0 -0
5 -0 -0
5 -0 -0
5 -0 -0
5 -0 -0
5 -0 -0
5 -0 -0
5 -0 -0
5 -0 -0
5 -0 -0
5 -0 -0
5 -0 -0
5 -0 -0
5 -0 -0
5 -0 -0
5 -0 -0
5 -0 -0
5 -0 -0
5 -0 -0
5 -0 -0
5 -0 -0
5 -0 -0
5 -0 -0
5 -0 -0
5 -0 -0
5 -0 -0
5 -0 -0
5 -0 -0
5 -0 -0
5 -0 -0
5 -0 -0
5 -0 -0
5 -0 -0
5 -0 0.0186343469090332
5 -0 -0
5 -0 -0
5 -0 -0
5 -0 -0
5 -0 -0
5 -0 -0
5 -0 -0
5 -0 -0
5 -0 -0
5 -0 -0
5 -0 -0
5 -0 -0
5 -0 -0
5 -0 -0
5 -0 -0
5 -0 -0
5 -0 -0
5 -0 -0
5 -0 -0
5 -0 -0
5 -0 -0
5 -0 -0
5 -0 -0
5 -0 -0
5 -0 -0
5 -0 -0
5 -0 -0
5 -0 -0
5 -0 -0
5 -0 -0
5 -0 -0
5 -0 -0
5 -0 -0
5 -0 -0
5 -0 -0
5 -0 -0
5 -0 -0
5 -0 -0
5 -0 -0
5 -0 -0
5 -0 -0
5 -0 -0
5 -0 -0
5 -0 -0
5 -0 -0
5 -0 -0
5 -0 -0
5 -0 -0
5 -0 -0
5 -0 -0
5 -0 -0
5 -0 -0
5 -0 -0
5 -0 0.0186343469090332
5 -0 -0
5 -0 -0
5 -0 -0
5 -0 -0
5 -0 -0
5 -0 -0
5 -0 -0
5 -0 -0
5 -0 -0
2 -0 -0.074020148426781
1 0.00790615547226023 0
1 0.00657031189812632 0
1 0.00622349794197347 0
1 0.00901129148665693 0
1 0.00351110276045178 0
1 0.00297749145975239 0
1 0.0504570905433604 0
1 0.000359067592008561 0
1 9.42652062194832e-05 0
1 0.00841066127540947 0
2 -0 -0.254472188435681
1 0.00892184467510928 0
1 0.00297749145975211 0
1 0.000577901572778607 0
2 -0 -0.184756951410725
1 0.0029774914597526 0
2 -0 -0.166122604501692
2 -0 -0.251111685029507
2 -0 -0.138019074270574
2 -0 -0.229665704551048
2 -0 -0.0702247165500507
1 0.0344230941432925 0
1 -9.27224523498944e-16 0
2 -0 -0.0820031453897229
2 -0 -0.0446764629568484
2 -0 -0.0304127757487055
2 -0 -0.156857410321683
2 -0 -0.230877558748463
1 0.00622349794197355 0
1 9.42652062191663e-05 0
2 -0 -0.201610606580671
1 0.0163305800706363 0
1 0.00410935858662933 0
2 -0 -0.201610606580671
2 -0 -0.180164626102212
1 0.000729616771097641 0
1 0.00821390114961043 0
2 -0 2.49114953399327e-30
1 0.000151715198320564 0
2 -0 -0.00159174048959383
1 0.0155724857527883 0
1 0.000151715198320193 0
1 0.00015171519832107 0
1 0.0134837070515296 0
1 0.0143677869602066 0
2 -0 -0.180164626102212
2 -0 -0.115829547168824
1 0.0307453772634406 0
1 0.17875718775386 0
2 -0 -5.51623279039926e-17
2 -0 -0.0916706970285099
2 -0 -0.0926544953358141
1 0.0645077117012556 0
1 0.00180854302698455 0
1 0.224668476469115 0
2 -0 -0.0186343469090332
1 0.00601676304539246 0
1 0.00485303151379518 0
1 0.000244877519187912 0
1 0.0647567005283101 0
1 0.303133001914161 0
2 -0 5.51981216232417e-17
2 -0 -0.0186343469090332
1 -0.200831224354582 0
1 -0.211552991486163 0
1 -0.22802298567187 0
1 -0.214998858449661 0
1 -0.205453660686613 0
1 -0.208154032273478 0
1 -0.192747658639703 0
1 -0.200870364320531 0
1 -0.203769033196059 0
1 -0.261436761969485 0
1 -0.188509517183108 0
1 -0.199928661921212 0
1 -0.208750959860455 0
1 -0.211407522665257 0
1 -0.214114100387029 0
1 -0.245341010744396 0
1 -0.197943709573698 0
1 -0.210582968042389 0
1 -0.200425202728271 0
1 -0.203173238304178 0
1 -0.254079722904202 0
1 -0.210402695389328 0
1 -0.202943134005206 0
1 -0.20254296714935 0
1 -0.211501546612567 0
1 -0.206624643705291 0
1 -0.235671123567179 0
1 -0.224083785163926 0
1 -0.212435911710537 0
1 -0.206324168018771 0
1 -0.212915559148577 0
1 -0.213009824354796 0
1 -0.204567735817674 0
1 -0.219002523435272 0
1 -0.212989851481762 0
1 -0.212989851481762 0
1 -0.214441694344077 0
1 -0.208321171257513 0
1 -0.215171311115174 0
1 -0.213167561305785 0
1 -0.213319276504105 0
1 -0.204636157616761 0
1 -0.213895881343259 0
1 -0.213895881343258 0
1 -0.205152283136937 0
1 -0.205348578436629 0
1 -0.213597380477203 0
1 -0.213597380477203 0
1 -0.265865400792003 0
1 -0.286894236057158 0
1 -0.3027557143975 0
1 -0.276217656379021 0
1 -0.280136449945303 0
1 -0.141769118101401 0
1 -0.176549060607729 0
1 -0.109118294670768 0
1 -0.149795063839757 0
1 -0.146982423166838 0
1 -0.275021665059422 0
1 -0.182532073717099 0
1 -0.130192647709189 0
3 -0 -0
1 -0.162763437249709 0
1 -0.157717479022612 0
1 6.25 0
1 6.25 0
2 6.25 -0.0696748700209014
1 2.18714164150074 -0
1 2 -0
1 2.06285835849926 -0
1 2 -0
1 2.04684650257882 -0
1 2 -0
1 2 -0
1 2 -0
1 2.24940122897465 -0
1 2 -0
1 2.42633453357974 -0
1 2.01656550424961 -0
1 2 -0
1 2.01278472855922 -0
1 2 -0
1 2.01278472855922 -0
1 2.24940122897465 -0
1 2.01156287358589 -0
1 2.34397350250911 -0
1 2 -0
1 2.03283344609849 -0
1 2 -0
1 2 -0
1 2.16093341464092 -0
1 2.16093341464092 -0
1 2 -0
1 2.00788294663398 -0
1 2 -0
1 2.06285835849926 -0
1 2.00149292905424 -0
1 2.01656550424961 -0
1 2 -0
1 2 -0
1 2 -0
1 2.03283344609849 -0
1 2 -0
1 2.00149292905424 -0
1 2 -0
1 2 -0
1 2.01156287358589 -0
1 2 -0
1 2 -0
1 2 -0
1 2 -0
1 2 -0
1 2 -0
1 2.00788294663398 -0
1 2 -0
1 2 -0
1 2 -0
1 2.34397350250911 -0
1 2.42633453357974 -0
1 2.61053236070731 -0
1 2.61053236070731 -0
1 2.54173338450523 -0
1 2.54173338450523 -0
1 2.18714164150074 -0
1 2 -0
1 2 -0
1 2 -0
1 2 -0
1 2 -0
1 2.04684650257882 -0
1 2 -0
1 2 -0
1 2.06285835849926 -0
1 2.18714164150074 -0
1 2.04684650257882 -0
1 2 -0
1 2 -0
1 2 -0
1 2.24940122897465 -0
1 2 -0
1 2.42633453357974 -0
1 2.01656550424961 -0
1 2 -0
1 2.01278472855922 -0
1 2 -0
1 2 -0
1 2.24940122897465 -0
1 2.01156287358589 -0
1 2.01278472855922 -0
1 2 -0
1 2.03283344609849 -0
1 2.34397350250911 -0
1 2 -0
1 2.16093341464092 -0
1 2 -0
1 2 -0
1 2.00788294663398 -0
1 2.16093341464092 -0
1 2.06285835849926 -0
1 2.00149292905424 -0
1 2 -0
1 2 -0
1 2 -0
1 2.01656550424961 -0
1 2.03283344609849 -0
1 2 -0
1 2 -0
1 2 -0
1 2 -0
1 2.00149292905424 -0
1 2 -0
1 2 -0
1 2.01156287358589 -0
1 2 -0
1 2 -0
1 2 -0
1 2.00788294663398 -0
1 2 -0
1 2 -0
1 2.61053236070731 -0
1 2.18714164150074 -0
1 2 -0
1 2.61053236070731 -0
1 2 -0
1 2 -0
1 2.54173338450523 -0
1 2 -0
1 2.04684650257882 -0
1 2.54173338450523 -0
1 2 -0
1 2 -0
1 0.0535617002794705 -0
1 0.014913185481132 -0
1 0.0717769313489729 -0
1 0.067513828893485 -0
1 0.00521038374937815 -0
1 0.0532407206159225 -0
1 0.0550101276569303 -0
1 0.0474552887820385 -0
1 0.0328944583078637 -0
1 0.0121635436690733 -0
1 0.0101161877344445 -0
1 0.0101874382645482 -0
1 0.00240537531246825 -0
1 0.00901225893846927 -0
1 0.0064140754588974 -0
1 0.00802016053209678 -0
1 0.467 -0
1 8.77030803608885 0
1 8.77030803608885 0
1 8.77030803608885 0
1 8.77030803608885 0
1 2.96887557504627 0
2 2.93023956 -0.0459820975804036
1 2.94049239688103 0
2 2.93023956 -0.466165749741329
1 0.942664085681827 0
2 0.851532360000001 -0
1 0.891263052433122 0
1 0.933567682231333 0
1 2.31609593736277 0
1 2.31801292788648 0
1 2.2876616488521 0
1 2.35932132206001 0
1 1.15713947936268 0
1 1.07278503817971 0
1 1.11933122535709 0
1 1.12730218290181 0
1 -0.24344582618905 0
1 -0.1738768264533 0
1 -0.239524769691632 0
1 -0.203604832069855 0
1 1.47175997812259 0
1 1.47175997812259 0
1 1.47175997812259 0
1 -1.8345 0
1 -1.8345 0
2 -1.8345 -0.382546524130953
1 1.82700250243457 0
1 1.81472876791537 0
2 1.77872 -0.0186343469090332
1 1.80937432680836 0
1 1.3109419576143 0
1 1.45901001342142 0
2 1.30368 -0.0186343469090333
1 1.42951786263303 0
2 2.53432 -0.0459820975804036
1 2.57036586371957 0
2 2.53432 -0.447531402832295
1 2.58873097305574 0
1 0.418264017750833 0
1 0.396535092863136 0
1 0.388769949509614 0
1 0.503248998580836 0
2 2.38824 -0.667530279933147
1 2.51153098519556 0
2 2.38824 -0.915006548869142
1 2.39898883252641 0
2 -1.8912 -0.685580755803099
2 -1.8912 -0.685580755803099
2 -1.8912 -0.685580755803099
2 -1.8912 -0.685580755803099
1 0.161745423566277 -0
1 0.165469791086762 -0
1 0.12442498316715 -0
1 0.164022360766163 -0
2 5.634 -0.22301549389272
1 6.0883372329832 0
2 5.634 -0.0459820975804036
2 5.634 -0.0574783956025922
1 4.55869757583722 0
1 5.18378923299449 0
1 4.56794864463962 0
1 4.51890089149346 0
1 1.58610573123011 0
1 1.62560992752223 0
1 1.57234681395615 0
2 1.572 7.06916874143082e-21
1 1.59322790680627 0
1 1.5725336113007 0
2 1.572 -0.0186343469090332
1 1.61242825100855 0
1 1.62488127500634 0
2 1.572 -0.162801491407172
2 1.572 -0.162801491407172
1 1.66828564269193 0
1 1.57469834673314 0
2 1.572 1.16572227202454e-20
1 1.57881220322333 0
1 1.5801499014768 0
2 1.572 -0.184756951410725
1 1.63041417785736 0
1 1.63848794630298 0
2 1.572 -0.021421913730424
1 1.58345334472418 0
1 1.61678996833608 0
1 1.58835709656241 0
2 1.572 -0.0926544953358141
1 1.60806026490079 0
2 1.572 -0.0597564612186381
1 1.57659090679428 0
1 1.58161936034897 0
1 1.58000886836569 0
2 1.572 -0.156857410321683
2 1.572 -0.109939909552162
1 1.57215467241645 0
1 1.58703108867891 0
1 1.57618672060583 0
1 1.57786677659777 0
1 1.57786677659778 0
1 1.57476899528253 0
1 1.57399040320764 0
1 1.57247344522644 0
2 1.572 -0.128574256461195
2 1.572 -0.108348169062568
1 1.58592084080929 0
2 1.572 -0.128574256461195
2 1.572 -0.128574256461195
1 1.58284788170734 0
1 1.58433758297317 0
1 1.57240065282099 0
2 1.572 -0.0127447092923709
1 0.143578205187557 0
1 0.101401402977598 0
1 0.135402478106183 0
1 0.111465396263887 0
1 0.101357060771281 0
1 0.116797450689003 0
1 0.169691891853085 0
1 0.125678984586405 0
1 0.11665596905702 0
1 0.155723414014528 0
1 0.192182973667919 0
1 0.112246906382584 0
1 0.106660140621345 0
1 0.107771941245432 0
1 0.100974832014419 0
1 0.119898399780358 0
1 0.15807928107029 0
2 0.0990000000000002 -0.172357793666357
1 0.123045623880637 0
1 0.170027740060023 0
1 0.135461908498559 0
2 0.0990000000000002 -0.0327575020942689
1 0.126478549690956 0
1 0.143789968336076 0
2 0.0990000000000002 -0.218731064129673
1 0.134083567812842 0
1 0.110400064278103 0
2 0.0990000000000002 -0.138910802461322
1 0.108343312445924 0
1 0.117442545791894 0
1 0.109161057715017 0
1 0.108992671648017 0
2 0.0990000000000002 -0.140105935553038
2 0.0990000000000002 -0.0822307069828178
1 0.106673018872695 0
1 0.106673018872695 0
1 0.101136524236248 0
1 0.104210937572544 0
1 0.102517483611424 0
1 0.108197436017388 0
1 0.108094813017797 0
2 0.0990000000000002 -0.140105935553038
1 0.105780615579404 0
1 0.105780615579404 0
2 0.0990000000000002 -0.140105935553038
2 0.0990000000000002 -0.140105935553038
1 0.10694020975959 0
1 0.107211218826181 0
1 2.31610573123011 0
1 2.35096947558249 0
2 2.302 -0.0206827473393997
2 2.302 -0.0206827473393997
1 2.31748231885215 0
2 2.302 -0.0266364917390518
2 2.302 -0.262817501843682
1 2.31854485814873 0
1 2.35461647262055 0
2 2.302 -0.00273560688295658
1 2.32016303640814 0
1 2.39828564269193 0
2 2.302 -0.0914752095216508
2 2.302 -0.0994097564245764
1 2.30838601684887 0
1 2.31030161667512 0
2 2.302 -0.0283298540936919
1 2.36050844306358 0
1 2.36848794630298 0
1 2.32006599758088 0
1 2.31345334472418 0
1 2.34678996833608 0
2 2.302 -0.0459820975804036
2 2.302 -0.145702231464593
1 2.33806026490079 0
1 2.302 0
1 2.3067426219926 0
1 2.31177107554729 0
1 2.31000886836569 0
2 2.302 -0.0051067222623202
2 2.302 -0.030082629294387
1 2.30215467241645 0
1 2.31169424012504 0
1 2.31307109353596 0
1 2.30786677659777 0
1 2.30786677659777 0
1 2.30419109370975 0
2 2.302 -0.324297851623853
1 2.30262516042476 0
2 2.302 -0.240995005279271
1 2.30209426520622 0
1 2.31134208657327 0
2 2.302 -0.0734597686231081
2 2.302 -0.11026721740022
1 2.31035790617258 0
1 2.31096352752973 0
1 2.30240065282099 0
1 2.30215171519832 0
1 0.51970349900729 0
1 0.51970349900729 0
1 0.51970349900729 0
1 0.495730444119654 0
1 0.495730444119654 0
1 0.495730444119654 0
1 0.532273313164039 0
1 0.532273313164039 0
1 0.532273313164039 0
1 0.55501829166602 0
1 0.55501829166602 0
1 0.55501829166602 0
1 0.489444078714955 0
1 0.489444078714955 0
1 0.489444078714955 0
1 0.518793248734661 0
1 0.518793248734661 0
1 0.518793248734661 0
1 0.541214401249245 0
1 0.541214401249245 0
1 0.541214401249245 0
1 0.513422008089399 0
1 0.513422008089399 0
1 0.513422008089399 0
1 0.503518626853935 0
1 0.503518626853935 0
1 0.503518626853935 0
1 0.494135275034688 0
1 0.494135275034688 0
1 0.494135275034688 0
1 0.488989941028092 0
1 0.488989941028092 0
1 0.488989941028092 0
2 0.4819 -0.0578752285702203
1 0.4819 0
1 0.4819 0
1 0.486234877533352 0
1 0.486234877533352 0
1 0.486234877533352 0
1 0.487713610898089 0
1 0.487713610898089 0
1 0.487713610898089 0
1 0.484613843148728 0
1 0.484613843148728 0
1 0.484613843148728 0
1 0.486198940309383 0
1 0.486198940309383 0
1 0.486198940309383 0
1 1.65525 0
1 1.65525 0
2 1.65525 -0.447531402832295
2 1.65525 -0.447531402832295
1 1.65525 0
1 1.65525 0
1 1.65525 0
2 1.65525 -0.22301549389272
1 1.65525 0
2 1.65525 -0.220279887009764
1 1.65525 0
1 1.65525 0
2 1.65525 -0.376738940650044
1 1.65525 0
1 1.65525 0
2 1.65525 -0.561495892060769
1 1.65525 0
1 1.65525 0
1 1.65525 0
1 1.65525 0
2 1.65525 -0.184001171850977
1 1.65558327963928 0
1 1.65558327963928 0
1 1.65558327963928 0
1 1.65525 0
1 1.65525 0
2 1.65525 -0.197751990875076
1 1.65525 0
1 1.65525 0
2 1.65525 -0.463107427909375
1 1.65727376987839 0
1 1.65727376987839 0
1 1.65727376987839 0
1 1.66637385137753 0
1 1.66637385137753 0
1 1.66637385137754 0
1 1.65525 0
2 1.65525 -0.143916298547842
1 1.65525 0
1 1.65800895108773 0
1 1.65800895108773 0
1 1.65800895108773 0
1 1.65967396528462 0
1 1.65967396528462 0
1 1.65967396528462 0
1 1.65899639323604 0
1 1.65899639323604 0
1 1.65899639323604 0
1 -1.81236790592713 0
1 -1.81236790592713 0
1 -1.81236790592713 0
1 -1.82709058550058 0
1 -1.82709058550058 0
1 -1.82709058550058 0
1 -1.80401789839043 0
1 -1.80401789839043 0
1 -1.80401789839043 0
2 -1.831 -0.518409285349671
1 -1.831 0
1 -1.831 0
2 -1.831 -0.00316422125123549
1 -1.831 0
1 -1.831 0
1 -1.81256754063178 0
1 -1.81256754063178 0
1 -1.81256754063178 0
1 -1.831 0
1 -1.831 0
2 -1.831 -0.252250958267851
1 -1.81157064712906 0
1 -1.81157064712906 0
1 -1.81157064712906 0
1 -1.81828240530546 0
1 -1.81828240530546 0
1 -1.81828240530546 0
1 -1.82902430800183 0
1 -1.82902430800183 0
1 -1.82902430800183 0
1 -1.82742255347522 0
1 -1.82742255347522 0
1 -1.82742255347522 0
1 -1.82933830872521 0
1 -1.82933830872521 0
1 -1.82933830872521 0
1 -1.831 0
1 -1.831 0
2 -1.831 -0.294877149548026
1 -1.82797597189219 0
1 -1.82797597189219 0
1 -1.82797597189219 0
1 -1.82915712767648 0
1 -1.82915712767648 0
1 -1.82915712767648 0
1 -1.82846159247856 0
1 -1.82846159247856 0
1 -1.82846159247856 0
1 -0.526684654286517 0
1 -0.580504891745872 0
1 -0.624230839989424 0
1 -0.624247713215123 0
1 -0.604724060074851 0
1 -0.596634761741018 0
1 -0.493716831919511 0
1 -0.654364334561176 0
1 -0.517994837096916 0
1 -0.688107841054966 0
1 -0.501432638759875 0
1 -0.510124820802834 0
1 -0.623695065220637 0
1 -0.614195902894496 0
1 -0.615082859455212 0
1 -0.655604368425745 0
1 -0.527265596712715 0
1 -0.555180603971269 0
1 -0.52406313956022 0
1 -0.532002829368229 0
1 -0.679083056598142 0
1 -0.560445187764203 0
1 -0.638348868529032 0
1 -0.537736673817812 0
1 -0.578180845352756 0
1 -0.564090381369314 0
1 -0.648012162491744 0
1 -0.63526466315772 0
1 -0.601611349876901 0
1 -0.601934232917118 0
1 -0.605316867886381 0
1 -0.605316867886381 0
1 -0.628108485425221 0
1 -0.634432722866344 0
1 -0.605187911256017 0
1 -0.605187911256017 0
1 -0.619272699314654 0
1 -0.623212910906228 0
1 -0.619272699314654 0
1 -0.607314873199224 0
1 -0.607314873199224 0
1 -0.627219795961054 0
1 -0.612017336270079 0
1 -0.612017336270079 0
1 -0.625274232429907 0
1 -0.626789593129068 0
1 -0.609110476225454 0
1 -0.609110476225454 0
1 -0.242856062703943 0
1 -0.270350030163456 0
1 -0.292687348891424 0
1 -0.311600961979085 0
1 -0.301627340355159 0
1 -0.297494937458783 0
1 -0.217104498013033 0
1 -0.299170973721497 0
1 -0.22950687146658 0
1 -0.318494085340536 0
1 -0.223131408033971 0
1 -0.227571792943491 0
1 -0.316064786434515 0
1 -0.311212157159425 0
1 -0.311665257256517 0
1 -0.308871464910294 0
1 -0.243309843857681 0
1 -0.257570173009487 0
1 -0.240808365852423 0
1 -0.244864341513713 0
2 -0.32 -0.22130380673455
1 -0.2630895305976 0
1 -0.302886479942947 0
1 -0.251488928798556 0
1 -0.279272215554268 0
1 -0.272074128430576 0
1 -0.314945413067084 0
1 -0.318573942658618 0
1 -0.301382210627588 0
1 -0.301547154823675 0
1 -0.304276635551145 0
1 -0.304276635551145 0
1 -0.315919690664675 0
1 -0.319115563181016 0
1 -0.304175905967851 0
1 -0.304175905967851 0
1 -0.315177704230776 0
1 -0.317190553939292 0
1 -0.315177704230776 0
1 -0.305837301660471 0
1 -0.305837301660471 0
1 -0.316005694156159 0
1 -0.309510452426319 0
1 -0.309510452426319 0
1 -0.31628271298923 0
1 -0.316271212639977 0
1 -0.307239868896317 0
1 -0.307239868896317 0
2 0.77 -0.32166857858118
1 0.836452600886698 0
1 0.890441641518776 0
1 0.804094097875324 0
1 0.77998796993487 0
2 0.77 -0.704215102712133
2 0.77 -0.685580755803099
1 0.968353721210419 0
1 0.799976392980386 0
1 1.00049048646297 0
2 0.77 -0.00436997904625652
1 0.780732358893279 0
1 0.78172874874983 0
2 0.77 -0.701050881460897
1 0.771095137686407 0
1 0.928461678683149 0
2 0.77 -0.519458151301408
1 0.804467050382356 0
2 0.77 -0.0525850027997006
1 0.779803246192926 0
1 0.961405262457079 0
1 0.798038520178384 0
1 0.894227285777562 0
2 0.77 -0.685580755803099
1 0.787397693202436 0
2 0.77 -0.673802326963427
1 0.873619398387853 0
1 0.811552217186968 0
2 0.77 -0.54735769239045
1 0.770398668211392 0
2 0.77 -0.30819946421459
2 0.77 -0.267441382036348
1 0.798141129347759 0
1 0.806108978437997 0
2 0.77 -0.359893823841812
2 0.77 -0.215747022409126
2 0.77 -0.0374167996462116
1 0.774865034430622 0
2 0.77 -0.371921153517895
2 0.77 -0.216843347237656
2 0.77 -0.358797499013281
1 0.79457688688147 0
2 0.77 -0.149967166938119
2 0.77 -0.425673679312819
1 0.786368475337382 0
1 0.791828653218268 0
2 0.77 -0.123294580603662
2 0.77 -0.452346265647275
1 -1.14447012734909 -0
1 -1.25062444186458 -0
1 -1.33686891571774 -0
1 -1.26067238401628 -0
1 -1.22216419241811 -0
1 -1.20620896887998 -0
1 -1.11537231413902 -0
1 -1.43223129370838 -0
1 -1.16325792592878 -0
1 -1.4903780472356 -0
1 -1.12218238195929 -0
1 -1.13932672523929 -0
1 -1.24044467252468 -0
1 -1.22170865215754 -0
1 -1.22345807338184 -0
1 -1.39811654643327 -0
1 -1.14498287441546 -0
1 -1.20004206032977 -0
1 -1.14215634559596 -0
1 -1.15781648328434 -0
1 -1.44791555079896 -0
1 -1.19901474663953 -0
1 -1.35267092171809 -0
1 -1.15422477830345 -0
1 -1.20527673305842 -0
1 -1.17748489088201 -0
1 -1.34301108638976 -0
1 -1.27697871168993 -0
1 -1.21060136794078 -0
1 -1.21123821811872 -0
1 -1.21387190457756 -0
1 -1.21387190457756 -0
1 -1.25882578532478 -0
1 -1.27144016002148 -0
1 -1.21375808583938 -0
1 -1.21375808583938 -0
1 -1.22618949630596 -0
1 -1.23396111680216 -0
1 -1.22618949630596 -0
1 -1.21563536910788 -0
1 -1.21563536910788 -0
1 -1.25489557179393 -0
1 -1.21978582195064 -0
1 -1.21978582195064 -0
1 -1.24593354613176 -0
1 -1.25209024390762 -0
1 -1.2172201908433 -0
1 -1.2172201908433 -0
1 1.14447012734909 -0
1 1.25062444186458 -0
1 1.33686891571774 -0
1 1.26067238401628 -0
1 1.22216419241811 -0
1 1.20620896887998 -0
1 1.11537231413902 -0
1 1.43223129370838 -0
1 1.16325792592878 -0
1 1.4903780472356 -0
1 1.12218238195929 -0
1 1.13932672523929 -0
1 1.24044467252468 -0
1 1.22170865215754 -0
1 1.22345807338184 -0
1 1.39811654643327 -0
1 1.14498287441546 -0
1 1.20004206032977 -0
1 1.14215634559596 -0
1 1.15781648328434 -0
1 1.44791555079896 -0
1 1.19901474663953 -0
1 1.35267092171809 -0
1 1.15422477830345 -0
1 1.20527673305842 -0
1 1.17748489088201 -0
1 1.34301108638976 -0
1 1.27697871168993 -0
1 1.21060136794078 -0
1 1.21123821811872 -0
1 1.21387190457756 -0
1 1.21387190457756 -0
1 1.25882578532478 -0
1 1.27144016002148 -0
1 1.21375808583938 -0
1 1.21375808583938 -0
1 1.22618949630596 -0
1 1.23396111680216 -0
1 1.22618949630596 -0
1 1.21563536910788 -0
1 1.21563536910788 -0
1 1.25489557179393 -0
1 1.21978582195064 -0
1 1.21978582195064 -0
1 1.24593354613176 -0
1 1.25209024390762 -0
1 1.2172201908433 -0
1 1.2172201908433 -0
1 0.467 -0
1 0.467 -0
1 0.467 -0
2 0.467 -0.685580755803099
1 -0.298699485921081 0
1 -0.735077207605273 0
1 -0.314562613447924 0
1 -0.24605472740511 0
1 1.7470534673025 0
1 2.47656527443592 0
1 1.77357255444617 0
1 1.65904491184082 0
1 2.1099578373406 0
1 3.04629149181529 0
1 2.14399527653727 0
1 1.99699822304143 0
1 8.44514916897903 0
1 12.9919545693088 0
1 8.61043385314393 0
1 7.8966210007773 0
1 2.97066909560896 0
2 2.93023956 -0.466165749741329
1 2.93468899515485 0
2 2.93023956 -0.22301549389272
1 0.952325303125211 0
1 0.852286323472699 0
1 0.889843223872419 0
1 0.932380315537514 0
1 2.29790175797415 0
1 2.32731829851656 0
1 2.30989559530374 0
1 2.34466691563332 0
1 1.1373523763641 0
1 1.09302750172152 0
1 1.15645017590593 0
1 1.09542367965767 0
1 -0.219323266333183 0
1 -0.17878391463097 0
1 -0.257417191858058 0
1 -0.195876986787188 0
2 1.77872 -0.0186343469090332
1 1.80153770934482 0
1 1.81953649720442 0
1 1.83962344161755 0
2 2.53432 -0.447531402832295
1 2.56632327490933 0
2 2.53432 -0.22301549389272
1 2.59509737604991 0
1 2.65359206976881 0
1 1.9021394193138 0
1 1.72745381809697 0
1 1.43223129370838 0
1 1.12218238195929 0
1 1.69028584088539 0
1 1.1109512782239 0
1 0.92753451240263 0
1 1.20620896887998 0
1 1.11537231413902 0
1 1.22170865215754 0
1 1.14498287441546 0
1 1.59491249758758 0
1 1.25062444186458 0
1 1.22216419241811 0
1 1.01640046263474 0
1 0.853632080070725 0
1 1.0415848498167 0
1 0.898779280374724 0
1 1.14447012734909 0
1 1.15422477830345 0
1 1.17748489088201 0
1 1.21060136794078 0
1 1.59640414270426 0
1 1.15781648328434 0
1 1.35267092171809 0
1 1.72530378244575 0
1 1.17550281552136 0
1 0.871891304210053 0
1 1.33686891571774 0
1 1.26067238401628 0
1 1.24044467252468 0
1 1.21123821811872 0
1 1.23396111680216 0
1 1.13932672523929 0
1 1.14215634559596 0
1 1.21387190457756 0
1 1.21375808583938 0
1 1.5740722459274 0
1 1.16325792592878 0
1 1.4903780472356 0
1 1.20004206032977 0
1 1.21387190457756 0
1 1.21563536910788 0
1 1.22345807338184 0
1 1.39811654643327 0
1 1.22618949630596 0
1 1.21563536910788 0
1 1.21978582195064 0
1 1.44791555079896 0
1 1.19901474663953 0
1 1.20527673305842 0
1 1.21375808583938 0
1 1.2172201908433 0
1 1.34301108638976 0
1 1.27697871168993 0
1 1.22618949630596 0
1 1.21978582195064 0
1 1.2172201908433 0
1 1.25882578532478 0
1 1.27144016002148 0
1 1.25489557179393 0
1 1.24593354613176 0
1 1.25209024390762 0
1 1.33686891571774 0
1 1.14447012734909 0
1 1.25062444186458 0
1 1.20620896887998 0
1 1.26067238401628 0
1 1.22216419241811 0
1 1.16325792592878 0
1 1.11537231413902 0
1 1.43223129370838 0
1 1.13932672523929 0
1 1.4903780472356 0
1 1.12218238195929 0
1 1.22345807338184 0
1 1.24044467252468 0
1 1.22170865215754 0
1 1.20004206032977 0
1 1.39811654643327 0
1 1.14498287441546 0
1 1.44791555079896 0
1 1.14215634559596 0
1 1.15781648328434 0
1 1.15422477830345 0
1 1.19901474663953 0
1 1.35267092171809 0
1 1.34301108638976 0
1 1.20527673305842 0
1 1.17748489088201 0
1 1.21123821811872 0
1 1.27697871168993 0
1 1.21060136794078 0
1 1.25882578532478 0
1 1.21387190457756 0
1 1.21387190457756 0
1 1.21375808583938 0
1 1.27144016002148 0
1 1.21375808583938 0
1 1.22618949630596 0
1 1.22618949630596 0
1 1.23396111680216 0
1 1.25489557179393 0
1 1.21563536910788 0
1 1.21563536910788 0
1 1.24593354613176 0
1 1.21978582195064 0
1 1.21978582195064 0
1 1.2172201908433 0
1 1.25209024390762 0
1 1.2172201908433 0
1 1.01640046263474 0
1 1.59640414270426 0
1 1.17550281552136 0
1 0.871891304210053 0
1 1.9021394193138 0
1 0.853632080070725 0
1 1.1109512782239 0
1 1.59491249758758 0
1 1.0415848498167 0
1 0.898779280374724 0
1 1.72745381809697 0
1 0.92753451240263 0
1 1.14447012734909 0
1 1.25062444186458 0
1 1.33686891571774 0
1 1.26067238401628 0
1 1.22216419241811 0
1 1.20620896887998 0
1 1.11537231413902 0
1 1.43223129370838 0
1 1.16325792592878 0
1 1.4903780472356 0
1 1.12218238195929 0
1 1.13932672523929 0
1 1.24044467252468 0
1 1.22170865215754 0
1 1.22345807338184 0
1 1.39811654643327 0
1 1.14498287441546 0
1 1.20004206032977 0
1 1.14215634559596 0
1 1.15781648328434 0
1 1.44791555079896 0
1 1.19901474663953 0
1 1.35267092171809 0
1 1.15422477830345 0
1 1.20527673305842 0
1 1.17748489088201 0
1 1.34301108638976 0
1 1.27697871168993 0
1 1.21060136794078 0
1 1.21123821811872 0
1 1.21387190457756 0
1 1.21387190457756 0
1 1.25882578532478 0
1 1.27144016002148 0
1 1.21375808583938 0
1 1.21375808583938 0
1 1.22618949630596 0
1 1.23396111680216 0
1 1.22618949630596 0
1 1.21563536910788 0
1 1.21563536910788 0
1 1.25489557179393 0
1 1.21978582195064 0
1 1.21978582195064 0
1 1.24593354613176 0
1 1.25209024390762 0
1 1.2172201908433 0
1 1.2172201908433 0
1 1.59640414270426 0
1 1.17550281552136 0
1 1.01640046263474 0
1 1.9021394193138 0
1 0.853632080070725 0
1 0.871891304210052 0
1 1.59491249758758 0
1 1.0415848498167 0
1 1.1109512782239 0
1 1.72745381809697 0
1 0.92753451240263 0
1 0.898779280374724 0
1 0.359171844733392 0
1 0.859991055408086 0
1 0.984312479137237 0
1 0.982793975065712 0
1 1 0
1 0.904815608109175 0
1 0.967210232128695 0
1 1 0
1 0.999503344540467 0
1 0.99920065754309 0
1 1 0
1 0.999200657543092 0
1 0.942077283894796 0
1 2.83234925752267 0
1 2.12680789578292 0
1 2.03058682001113 0
1 1.48268838425174 0
1 1.1305930432347 0
1 1.72103121814883 0
1 1.17570797875221 0
1 0.92753451240263 0
1 1.20972007164043 0
1 1.11834980559877 0
1 1.22468614361729 0
1 1.14796036587521 0
1 1.59976552910138 0
1 1.25853059733684 0
1 1.23117548390477 0
1 1.01820900566173 0
1 0.853632080070725 0
1 1.04182972733589 0
1 0.898779280374724 0
1 1.14447012734909 0
1 1.15422477830345 0
1 1.17748489088201 0
1 1.21060136794078 0
1 1.59640414270426 0
1 1.15781648328434 0
1 1.38709401586138 0
1 1.72530378244575 0
1 1.24001052722261 0
1 0.877908067255445 0
1 1.34343922761587 0
1 1.26689588195825 0
1 1.24936651719979 0
1 1.21746171606069 0
1 1.24217501795177 0
1 1.13932672523929 0
1 1.14215634559596 0
1 1.21387190457756 0
1 1.21375808583938 0
1 1.5740722459274 0
1 1.16361699352078 0
1 1.49047231244182 0
1 1.20004206032977 0
1 1.21396616978378 0
1 1.21563536910788 0
1 1.22403597495461 0
1 1.39811654643327 0
1 1.22618949630596 0
1 1.2157870843062 0
1 1.21993753714896 0
1 1.44791555079896 0
1 1.19901474663953 0
1 1.20527673305842 0
1 1.21375808583938 0
1 1.2172201908433 0
1 1.34301108638976 0
1 1.27697871168993 0
1 1.22691911307706 0
1 1.21993753714896 0
1 1.2172201908433 0
1 1.27515636539542 0
1 1.27554951860811 0
1 1.27046805754672 0
1 1.25941725318329 0
1 1.26645803086783 0
1 1.34343922761587 0
1 1.14447012734909 0
1 1.25853059733684 0
1 1.20972007164043 0
1 1.26689588195825 0
1 1.23117548390477 0
1 1.16361699352078 0
1 1.11834980559877 0
1 1.48268838425174 0
1 1.13932672523929 0
1 1.49047231244182 0
1 1.1305930432347 0
1 1.22403597495461 0
1 1.24936651719979 0
1 1.22468614361729 0
1 1.20004206032977 0
1 1.39811654643327 0
1 1.14796036587521 0
1 1.44791555079896 0
1 1.14215634559596 0
1 1.15781648328434 0
1 1.15422477830345 0
1 1.19901474663953 0
1 1.38709401586138 0
1 1.34301108638976 0
1 1.20527673305842 0
1 1.17748489088201 0
1 1.21746171606069 0
1 1.27697871168993 0
1 1.21060136794078 0
1 1.27515636539542 0
1 1.21396616978378 0
1 1.21387190457756 0
1 1.21375808583938 0
1 1.27554951860811 0
1 1.21375808583938 0
1 1.22618949630596 0
1 1.22691911307706 0
1 1.24217501795177 0
1 1.27046805754672 0
1 1.2157870843062 0
1 1.21563536910788 0
1 1.25941725318329 0
1 1.21993753714896 0
1 1.21993753714896 0
1 1.2172201908433 0
1 1.26645803086783 0
1 1.2172201908433 0
1 1.01820900566173 0
1 1.59640414270426 0
1 1.24001052722261 0
1 0.877908067255445 0
1 2.12680789578292 0
1 0.853632080070725 0
1 1.17570797875221 0
1 1.59976552910138 0
1 1.04182972733589 0
1 0.898779280374724 0
1 2.03058682001113 0
1 0.92753451240263 0
1 1.14447012734909 0
1 1.25853059733684 0
1 1.34343922761587 0
1 1.26689588195825 0
1 1.23117548390477 0
1 1.20972007164043 0
1 1.11834980559877 0
1 1.48268838425174 0
1 1.16361699352078 0
1 1.49047231244182 0
1 1.1305930432347 0
1 1.13932672523929 0
1 1.24936651719979 0
1 1.22468614361729 0
1 1.22403597495461 0
1 1.39811654643327 0
1 1.14796036587521 0
1 1.20004206032977 0
1 1.14215634559596 0
1 1.15781648328434 0
1 1.44791555079896 0
1 1.19901474663953 0
1 1.38709401586138 0
1 1.15422477830345 0
1 1.20527673305842 0
1 1.17748489088201 0
1 1.34301108638976 0
1 1.27697871168993 0
1 1.21060136794078 0
1 1.21746171606069 0
1 1.21396616978378 0
1 1.21387190457756 0
1 1.27515636539542 0
1 1.27554951860811 0
1 1.21375808583938 0
1 1.21375808583938 0
1 1.22691911307706 0
1 1.24217501795177 0
1 1.22618949630596 0
1 1.2157870843062 0
1 1.21563536910788 0
1 1.27046805754672 0
1 1.21993753714896 0
1 1.21993753714896 0
1 1.25941725318329 0
1 1.26645803086783 0
1 1.2172201908433 0
1 1.2172201908433 0
1 1.59640414270426 0
1 1.24001052722261 0
1 1.01820900566173 0
1 2.12680789578292 0
1 0.853632080070725 0
1 0.877908067255445 0
1 1.59976552910138 0
1 1.04182972733589 0
1 1.17570797875221 0
1 2.03058682001113 0
1 0.92753451240263 0
1 0.898779280374724 0
1 2.33323064073864 0
1 2.0728046511878 0
1 2.00815751084864 0
1 2.00894713296583 0
1 2 0
1 2.04949588378323 0
1 2.01705067929308 0
1 2 0
1 2.00025826083896 0
1 2.00041565807759 0
1 2 0
1 2.00041565807759 0
1 2.03011981237471 0
1 2 0
1 2 0
1 2.06285835849926 0
1 2.06285835849926 0
1 2.18714164150074 0
1 2.18714164150074 0
1 2.04684650257882 0
1 2.04684650257882 0
1 2 0
1 2 0
1 2 0
1 2 0
1 2.24940122897465 0
1 2.24940122897465 0
1 2 0
1 2 0
1 2.42633453357974 0
1 2.42633453357974 0
1 2.01656550424961 0
1 2.01656550424961 0
1 2.01278472855922 0
1 2.01278472855922 0
1 2 0
1 2 0
1 2.01156287358589 0
1 2.01156287358589 0
1 2 0
1 2 0
1 2.03283344609849 0
1 2.03283344609849 0
1 2.34397350250911 0
1 2.34397350250911 0
1 2 0
1 2 0
1 2.16093341464092 0
1 2.16093341464092 0
1 2 0
1 2 0
1 2.00788294663398 0
1 2.00788294663398 0
1 2.00149292905424 0
1 2.00149292905424 0
1 2 0
1 2 0
1 2 0
1 2 0
1 2 0
1 2 0
1 2 0
1 2 0
1 2 0
1 2 0
1 2 0
1 2 0
1 2 0
1 2 0
1 2 0
1 2 0
1 2.61053236070731 0
1 2.61053236070731 0
1 2 0
2 2 -0.410421195285427
1 2.54173338450523 0
1 2.54173338450523 0
1 1.11245230430014 0
1 1.02456872144677 0
1 1.00275284076593 0
1 1.00301930733818 0
1 1 0
1 1.01670292435431 0
1 1.00575393718939 0
1 1 0
1 1.00008715292924 0
1 1.00014026833944 0
1 1 0
1 1.00014026833944 0
1 1.01016425830205 0
1 0.590370831341615 0
1 0.547452891724581 0
1 0.569268880186383 0
1 0.610294500844387 0
1 0.544018744474269 0
1 0.601548827588701 0
1 0.606295726089461 0
1 0.564317793071278 0
1 0.584180056740395 0
1 0.557225644159632 0
1 0.54497694089012 0
1 0.557363678110451 0
1 0.544747455824292 0
1 0.544573656419892 0
1 0.543912536443258 0
1 0.544937972004421 0
1 1.36006863184776 0
1 0.646714767270568 0
1 0.486070150004785 0
1 0.605855972038387 0
1 0.412174957284533 0
1 0.0535617002794705 0
1 0.014913185481132 0
1 0.0717769313489729 0
1 0.067513828893485 0
1 0.00521038374937815 0
1 0.0532407206159225 0
1 0.0550101276569303 0
1 0.0474552887820385 0
1 0.0328944583078637 0
1 0.0121635436690733 0
1 0.0101161877344445 0
1 0.0101874382645482 0
1 0.00240537531246825 0
1 0.00901225893846927 0
1 0.0064140754588974 0
1 0.00802016053209678 0
1 0.467 -0
1 0.161745423566277 0
1 0.165469791086762 0
1 0.12442498316715 0
1 0.164022360766163 0
1 2.00894713296583 0
1 2.01705067929308 0
1 2 0
1 2.00894713296583 0
1 2.00815751084864 0
1 2.01705067929308 0
1 2.0728046511878 0
1 2.00025826083896 0
1 2.00815751084864 0
1 2.0728046511878 0
1 2 0
1 2.00025826083896 0
1 2.00815751084864 0
1 2.00041565807759 0
1 2.01705067929308 0
1 2.00815751084864 0
1 2.00025826083896 0
1 2.00041565807759 0
1 2.04949588378323 0
1 2 0
1 2 0
1 2.04949588378323 0
1 2 0
1 2 0
1 2 0
1 2.00041565807759 0
1 2 0
1 2 0
1 2.01705067929308 0
1 2.00041565807759 0
1 2 0
1 2.03011981237471 0
1 2.00025826083896 0
1 2 0
1 2 0
1 2.03011981237471 0
1 2.01705067929308 0
1 2.00041565807759 0
1 2.00041565807759 0
1 2.00025826083896 0
1 2.03011981237471 0
1 2.00041565807759 0
1 2.00041565807759 0
1 2.03011981237471 0
1 2.00041565807759 0
1 2 0
1 2.00041565807759 0
1 2.03011981237471 0
1 2.33323064073864 0
1 2.04949588378323 0
1 2 0
1 2.0728046511878 0
1 2.04949588378323 0
1 2.00894713296583 0
1 2 0
1 2.00894713296583 0
1 2.04949588378323 0
1 2.33323064073864 0
1 2.00894713296583 0
1 2.0728046511878 0
1 2.00815751084864 0
1 2.0728046511878 0
1 2.00894713296583 0
1 2.33323064073864 0
1 2.01705067929308 0
1 2 0
1 2.00894713296583 0
1 2.00815751084864 0
1 2.01705067929308 0
1 2.00894713296583 0
1 2.00025826083896 0
1 2.00815751084864 0
1 2.0728046511878 0
1 2 0
1 2.00025826083896 0
1 2.0728046511878 0
1 2.00041565807759 0
1 2.01705067929308 0
1 2.00815751084864 0
1 2.00025826083896 0
1 2.00041565807759 0
1 2.00815751084864 0
1 2 0
1 2 0
1 2.04949588378323 0
1 2 0
1 2 0
1 2.04949588378323 0
1 2.00041565807759 0
1 2 0
1 2 0
1 2.01705067929308 0
1 2.00041565807759 0
1 2 0
1 2.03011981237471 0
1 2.00025826083896 0
1 2 0
1 2 0
1 2.03011981237471 0
1 2 0
1 2.00041565807759 0
1 2.00041565807759 0
1 2.01705067929308 0
1 2.03011981237471 0
1 2.00041565807759 0
1 2.00025826083896 0
1 2.03011981237471 0
1 2.00041565807759 0
1 2.00041565807759 0
1 2.00041565807759 0
1 2.03011981237471 0
1 2 0
1 2.04949588378323 0
1 2 0
1 2.07280465118779 0
1 2.33323064073864 0
1 2.00894713296583 0
1 2 0
1 2.04949588378323 0
1 2.04949588378323 0
1 2.33323064073864 0
1 2.00894713296583 0
1 2.0728046511878 0
1 2.00815751084864 0
1 2.00894713296583 0
1 2.00894713296583 0
1 2.33323064073864 0
1 2.07280465118779 0
1 2 0
1 2.00894713296583 0
1 2.01705067929308 0
1 2.01705067929308 0
1 2.00894713296583 0
1 2.00815751084864 0
1 2.00815751084864 0
1 2.0728046511878 0
1 2.00025826083896 0
1 2.00025826083896 0
1 2.0728046511878 0
1 2 0
1 2.01705067929308 0
1 2.00815751084864 0
1 2.00041565807759 0
1 2.00041565807759 0
1 2.00815751084864 0
1 2.00025826083896 0
1 2 0
1 2.04949588378323 0
1 2 0
1 2 0
1 2.04949588378323 0
1 2 0
1 2 0
1 2 0
1 2.00041565807759 0
1 2.00041565807759 0
1 2 0
1 2.01705067929308 0
1 2.00025826083896 0
1 2 0
1 2.03011981237471 0
1 2.03011981237471 0
1 2 0
1 2 0
1 2.00041565807759 0
1 2.01705067929308 0
1 2.00041565807759 0
1 2.00041565807759 0
1 2.00025826083896 0
1 2.03011981237471 0
1 2.00041565807759 0
1 2.00041565807759 0
1 2.03011981237471 0
1 2.03011981237471 0
1 2 0
1 2.00041565807759 0
1 2.07280465118779 0
1 2.33323064073864 0
1 2.04949588378323 0
1 2 0
1 2 0
1 2.04949588378323 0
1 2.00894713296583 0
1 2.33323064073864 0
1 2.00894713296583 0
1 2.04949588378323 0
1 2.00815751084864 0
1 2.00894713296583 0
1 2.07280465118779 0
1 2.33323064073864 0
1 2.0728046511878 0
1 2.00894713296583 0
1 2.06285835849926 0
1 2.18714164150074 0
1 2 0
1 2 0
2 2 -0.173983442319256
1 2.04684650257882 0
1 2.24940122897465 0
1 2 0
1 2 0
1 2.01656550424961 0
2 2 -0.224999158930358
1 2.42633453357974 0
1 2 0
2 2 -0.0752700047704624
1 2.01278472855922 0
1 2.01156287358589 0
1 2.01278472855922 0
1 2.24940122897465 0
1 2.03283344609849 0
1 2.34397350250911 0
1 2 0
1 2.16093341464092 0
2 2 -0.21132077792687
1 2 0
1 2.00788294663398 0
1 2.16093341464092 0
2 2 -0.0707638300662158
1 2.00149292905424 0
1 2 0
1 2.06285835849926 0
1 2 0
1 2.01656550424961 0
1 2 0
1 2 0
2 2 -0.111005334901441
1 2.03283344609849 0
1 2 0
1 2.00149292905424 0
2 2 -0.0560994644326794
2 2 -0.0338033407132057
1 2.01156287358589 0
2 2 -0.205365048092215
1 2 0
2 2 -0.0184747843223746
1 2 0
2 2 -0.128040632563521
2 2 -0.023820021656829
1 2.00788294663398 0
1 2.18714164150074 0
1 2 0
1 2.61053236070731 0
1 2 0
1 2 0
1 2.61053236070731 0
1 2 0
1 2.04684650257882 0
1 2.54173338450523 0
1 2 0
1 2 0
1 2.54173338450523 0
1 2.18714164150074 0
1 2 0
1 2.06285835849926 0
1 2 0
1 2.04684650257882 0
1 2 0
1 2 0
1 2 0
1 2.24940122897465 0
1 2 0
1 2.42633453357974 0
1 2.01656550424961 0
1 2 0
1 2.01278472855922 0
1 2 0
1 2.01278472855922 0
1 2.24940122897465 0
1 2.01156287358589 0
1 2.34397350250911 0
1 2 0
1 2.03283344609849 0
1 2 0
1 2 0
1 2.16093341464092 0
1 2.16093341464092 0
1 2 0
1 2.00788294663398 0
1 2 0
1 2.06285835849926 0
1 2.00149292905424 0
1 2.01656550424961 0
1 2 0
1 2 0
1 2 0
1 2.03283344609849 0
1 2 0
1 2.00149292905424 0
1 2 0
1 2 0
1 2.01156287358589 0
1 2 0
1 2 0
1 2 0
1 2 0
1 2 0
1 2 0
1 2.00788294663398 0
1 2 0
1 2 0
1 2 0
1 2.34397350250911 0
1 2.42633453357974 0
1 2 0
1 2.61053236070731 0
1 2.18714164150074 0
1 2 0
1 2.61053236070731 0
2 2 -0.436326609044021
1 2.04684650257882 0
1 2.54173338450523 0
2 2 -0.026768191140779
1 2 0
1 2.54173338450523 0
1 2 0
1 2 0
1 2.06285835849926 0
1 2.18714164150074 0
1 2.04684650257882 0
1 2 0
1 2 0
1 2 0
1 2.24940122897465 0
1 2 0
1 2.42633453357974 0
1 2.01656550424961 0
1 2 0
1 2.01278472855922 0
1 2 0
1 2 0
1 2.24940122897465 0
1 2.01156287358589 0
1 2.01278472855922 0
1 2 0
1 2.03283344609849 0
1 2.34397350250911 0
1 2 0
1 2.16093341464092 0
1 2 0
1 2 0
1 2.00788294663398 0
1 2.16093341464092 0
1 2.06285835849926 0
1 2.00149292905424 0
1 2 0
1 2 0
1 2 0
1 2.01656550424961 0
1 2.03283344609849 0
1 2 0
1 2 0
1 2 0
1 2 0
1 2.00149292905424 0
1 2 0
1 2 0
1 2.01156287358589 0
1 2 0
1 2 0
1 2 0
1 2.00788294663398 0
1 2 0
1 2 0
1 2 0
1 2.34397350250911 0
1 2.42633453357974 0
1 2 0
1 2.61053236070731 0
1 2.18714164150074 0
2 2 -0.081045389066974
1 2.61053236070731 0
1 2 0
1 2 0
1 2.54173338450523 0
1 2 0
1 2.04684650257882 0
1 2.54173338450523 0
1 2 0
2 2 -0.311483012031368
1 2.42633453357974 0
1 2 0
1 2 0
1 2.34397350250911 0
1 2.34397350250911 0
1 2.42633453357974 0
1 2 0
1 2 0
1 26.5208958881861 -0
1 -0.00155822361154323 -0
