java graph/Generator
//archive series/size = 0/0
// stack sizes = 8// cases found= 15// cases considered= 10000
// stack sizes = 5// cases found= 30// cases considered= 20000
// stack sizes = 14// cases found= 46// cases considered= 30000
// stack sizes = 16// cases found= 49// cases considered= 40000
// stack sizes = 6// cases found= 49// cases considered= 50000
// stack sizes = 7// cases found= 49// cases considered= 60000
// elapsed time: 24.422 secs 
// case completed: stack size = 0
// final loop count = 67727
// terminalList = 49
// total acceptable found = 49
// some missed cases = 0
//********************
"2434321 16 6 0 1 2 3 4 5 4 0 5 4 6 3 6 4 7 3 7 4 8 3 8 4 3 3 8 3 2 3 8 2 9 3 7 8 9 3 9 2 10 3 10 2 1 3 10 1 0 3 10 0 11 3 9 10 11 3 7 9 11 3 6 7 11 3 11 0 6 ",
"10733464 16 6 0 1 2 3 4 5 4 0 5 6 7 3 6 5 4 3 6 4 3 3 6 3 8 3 7 6 8 3 8 3 9 3 9 3 2 3 9 2 10 3 10 2 1 3 10 1 0 3 10 0 11 3 9 10 11 3 8 9 11 3 7 8 11 3 11 0 7 ",
"2063567 16 6 0 1 2 3 4 5 4 0 5 6 7 3 6 5 4 3 6 4 8 3 8 4 9 3 9 4 3 3 9 3 2 3 9 2 10 3 8 9 10 3 10 2 1 3 10 1 11 3 8 10 11 3 6 8 11 3 7 6 11 3 7 11 1 3 1 0 7 ",
"8675063 17 6 0 1 2 3 4 5 3 0 5 6 3 6 5 4 3 6 4 7 3 7 4 3 3 7 3 8 3 8 3 9 3 9 3 2 3 9 2 1 3 9 1 10 3 10 1 0 3 10 0 11 3 11 0 6 3 11 6 7 3 11 7 8 3 8 9 10 3 10 11 8 ",
"13363903 16 6 0 1 2 3 4 5 4 0 5 6 7 3 6 5 4 3 6 4 8 3 8 4 3 3 8 3 9 3 9 3 10 3 10 3 2 3 10 2 1 3 10 1 11 3 9 10 11 3 11 1 0 3 11 0 7 3 9 11 7 3 8 9 7 3 7 6 8 ",
"1021366 16 6 0 1 2 3 4 5 3 0 5 4 3 0 4 6 3 6 4 7 3 7 4 3 3 7 3 8 3 8 3 9 3 9 3 2 3 9 2 1 3 9 1 10 3 10 1 0 4 10 0 6 11 3 8 9 10 3 8 10 11 3 7 8 11 3 11 6 7 ",
"4462355 16 6 0 1 2 3 4 5 3 0 5 6 3 6 5 4 3 6 4 7 3 7 4 3 3 7 3 8 3 8 3 9 3 9 3 2 3 9 2 1 3 9 1 10 3 10 1 0 4 10 0 11 8 3 7 8 11 3 8 9 10 3 6 7 11 3 11 0 6 ",
"3309864 16 6 0 1 2 3 4 5 3 0 5 6 3 6 5 4 3 6 4 7 3 7 4 3 3 7 3 8 3 8 3 2 3 8 2 9 3 9 2 1 3 9 1 10 3 10 1 0 3 10 0 11 3 11 0 6 3 11 6 7 3 11 7 8 4 8 9 10 11 ",
"6450188 16 6 0 1 2 3 4 5 3 0 5 6 3 6 5 4 3 6 4 7 3 7 4 3 3 7 3 8 3 8 3 2 3 8 2 9 3 9 2 10 3 10 2 1 3 10 1 0 4 9 10 0 11 3 11 0 6 3 11 6 7 3 11 7 8 3 8 9 11 ",
"7816471 16 6 0 1 2 3 4 5 3 0 5 4 3 0 4 6 3 6 4 3 3 6 3 7 3 7 3 8 3 8 3 2 3 8 2 9 3 9 2 1 3 9 1 10 3 10 1 11 3 11 1 0 3 11 0 6 3 11 6 7 3 10 11 7 4 7 8 9 10 ",
"2963490 16 6 0 1 2 3 4 5 3 0 5 6 3 6 5 4 3 6 4 7 3 7 4 3 3 7 3 8 3 8 3 9 3 9 3 2 3 9 2 1 3 9 1 10 3 10 1 0 3 10 0 11 4 11 0 6 7 3 11 7 8 3 8 9 10 3 10 11 8 ",
"6462413 16 6 0 1 2 3 4 5 3 0 5 4 3 0 4 6 3 6 4 7 3 7 4 3 3 7 3 8 3 8 3 2 3 8 2 9 3 9 2 1 3 9 1 10 3 10 1 0 3 10 0 6 3 10 6 11 3 11 6 7 4 11 7 8 9 3 9 10 11 ",
"14939128 16 6 0 1 2 3 4 5 3 0 5 6 3 6 5 4 3 6 4 7 3 7 4 3 3 7 3 8 3 8 3 2 3 8 2 9 3 9 2 1 3 9 1 10 3 10 1 0 3 10 0 6 4 10 6 7 11 3 11 7 8 3 11 8 9 3 9 10 11 ",
"318133 17 6 0 1 2 3 4 5 3 0 5 4 3 0 4 6 3 6 4 3 3 6 3 7 3 7 3 8 3 8 3 2 3 8 2 9 3 9 2 1 3 9 1 10 3 10 1 11 3 11 1 0 3 11 0 6 3 11 6 7 3 10 11 7 3 8 9 10 3 10 7 8 ",
"8698344 16 6 0 1 2 3 4 5 3 0 5 4 3 0 4 6 3 6 4 7 3 7 4 3 3 7 3 8 3 8 3 2 3 8 2 1 3 8 1 9 3 9 1 10 3 10 1 0 3 10 0 6 3 10 6 11 3 11 6 7 4 11 7 8 9 3 9 10 11 ",
"14939662 16 6 0 1 2 3 4 5 4 0 5 6 7 3 6 5 8 3 8 5 4 3 8 4 3 3 8 3 9 3 6 8 9 3 9 3 2 3 9 2 10 3 6 9 10 3 7 6 10 3 10 2 11 3 11 2 1 3 7 10 11 3 11 1 0 3 0 7 11 ",
"627187 16 6 0 1 2 3 4 5 3 0 5 6 3 6 5 4 3 6 4 7 3 7 4 3 3 7 3 8 3 8 3 9 3 9 3 2 3 9 2 1 3 9 1 10 3 10 1 0 3 10 0 11 3 11 0 6 3 11 6 7 4 10 11 7 8 3 8 9 10 ",
"1788928 16 6 0 1 2 3 4 5 3 0 5 4 3 0 4 6 3 6 4 7 3 7 4 3 3 7 3 8 3 8 3 2 3 8 2 9 3 9 2 1 3 9 1 10 3 10 1 0 3 10 0 6 4 10 6 7 11 3 11 7 8 3 11 8 9 3 9 10 11 ",
"1406701 16 6 0 1 2 3 4 5 4 0 5 6 7 3 6 5 4 3 6 4 8 3 8 4 3 3 8 3 9 3 9 3 2 3 9 2 10 3 10 2 0 3 2 1 0 3 10 0 7 3 10 7 11 3 9 10 11 3 8 9 11 3 6 8 11 3 11 7 6 ",
"2111209 16 6 0 1 2 3 4 5 3 0 5 4 3 0 4 6 3 6 4 3 3 6 3 7 3 7 3 8 3 8 3 2 3 8 2 1 3 8 1 9 3 9 1 10 3 10 1 0 4 10 0 6 11 3 11 6 7 3 7 8 9 3 11 7 9 3 9 10 11 ",
"1528319 16 6 0 1 2 3 4 5 3 0 5 4 4 0 4 6 7 3 6 4 3 3 6 3 8 3 8 3 2 3 8 2 9 3 9 2 1 3 9 1 10 3 10 1 0 3 10 0 7 3 10 7 11 3 9 10 11 3 8 9 11 3 6 8 11 3 11 7 6 ",
"11185458 17 6 0 1 2 3 4 5 3 0 5 6 3 6 5 4 3 6 4 7 3 7 4 8 3 8 4 3 3 8 3 2 3 8 2 9 3 9 2 10 3 10 2 1 3 10 1 0 3 10 0 11 3 11 0 6 3 11 6 7 3 11 7 9 3 7 8 9 3 9 10 11 ",
"4824190 16 6 0 1 2 3 4 5 3 0 5 6 3 6 5 3 3 5 4 3 3 6 3 7 3 7 3 2 3 7 2 8 3 8 2 9 3 9 2 1 3 9 1 0 3 9 0 10 4 10 0 6 11 3 11 6 7 3 11 7 8 3 8 9 10 3 10 11 8 ",
"8133545 16 6 0 1 2 3 4 5 4 0 5 6 7 3 6 5 4 3 6 4 8 3 8 4 2 3 4 3 2 3 8 2 9 3 9 2 1 3 9 1 10 3 10 1 0 3 10 0 7 3 10 7 11 3 9 10 11 3 8 9 11 3 6 8 11 3 11 7 6 ",
"6868491 16 6 0 1 2 3 4 5 3 0 5 4 4 0 4 6 7 3 6 4 8 3 8 4 3 3 8 3 9 3 9 3 1 3 3 2 1 3 9 1 10 3 10 1 0 3 10 0 7 3 10 7 11 3 9 10 11 3 8 9 11 3 6 8 11 3 11 7 6 ",
"8036881 16 6 0 1 2 3 4 5 3 0 5 4 3 0 4 6 3 6 4 7 3 7 4 3 3 7 3 8 3 8 3 2 3 8 2 9 3 9 2 1 3 9 1 10 3 10 1 0 4 10 0 6 11 3 11 6 7 3 11 7 8 3 11 8 9 3 9 10 11 ",
"9828820 16 6 0 1 2 3 4 5 3 0 5 6 3 6 5 4 3 6 4 7 3 7 4 8 3 8 4 3 3 8 3 9 3 9 3 2 3 9 2 1 3 9 1 10 3 10 1 0 3 10 0 11 3 11 0 6 3 11 6 7 4 10 11 7 8 3 8 9 10 ",
"5816597 16 6 0 1 2 3 4 5 3 0 5 6 3 6 5 4 3 6 4 7 3 7 4 3 3 7 3 8 3 8 3 9 3 9 3 2 3 9 2 1 3 9 1 10 3 10 1 0 3 10 0 11 3 11 0 6 4 11 6 7 8 3 8 9 10 3 10 11 8 ",
"6493085 16 6 0 1 2 3 4 5 3 0 5 4 3 0 4 6 3 6 4 3 3 6 3 7 3 7 3 8 3 8 3 2 3 8 2 9 3 9 2 1 3 9 1 10 3 10 1 0 3 10 0 6 4 10 6 7 11 3 9 10 11 3 8 9 11 3 11 7 8 ",
"10651096 16 6 0 1 2 3 4 5 4 0 5 6 7 3 6 5 4 3 6 4 8 3 8 4 9 3 9 4 3 3 9 3 10 3 10 3 1 3 3 2 1 3 10 1 0 3 10 0 11 3 9 10 11 3 8 9 11 3 11 0 7 3 8 11 7 3 7 6 8 ",
"15205004 16 6 0 1 2 3 4 5 4 0 5 6 7 3 6 5 4 3 6 4 8 3 8 4 3 3 8 3 9 3 9 3 1 3 3 2 1 3 9 1 10 3 10 1 0 3 10 0 7 3 10 7 11 3 9 10 11 3 8 9 11 3 6 8 11 3 11 7 6 ",
"13119793 16 6 0 1 2 3 4 5 3 0 5 6 3 6 5 4 3 6 4 3 3 6 3 7 3 7 3 8 3 8 3 2 3 8 2 9 3 9 2 1 3 9 1 10 3 10 1 0 4 10 0 7 11 3 0 6 7 3 11 7 8 3 11 8 9 3 9 10 11 ",
"2273072 16 6 0 1 2 3 4 5 3 0 5 4 3 0 4 6 3 6 4 7 3 7 4 3 3 7 3 8 3 8 3 2 3 8 2 9 3 9 2 1 3 9 1 10 3 10 1 0 3 10 0 6 4 9 10 6 11 3 11 6 7 3 11 7 8 3 8 9 11 ",
"15234297 16 6 0 1 2 3 4 5 3 0 5 6 3 6 5 7 3 7 5 3 3 5 4 3 3 7 3 2 3 7 2 8 3 8 2 9 3 9 2 1 3 9 1 10 3 10 1 0 4 10 0 6 11 3 6 7 8 3 11 6 8 3 11 8 9 3 9 10 11 ",
"8433216 16 6 0 1 2 3 4 5 4 0 5 6 7 3 6 5 8 3 8 5 3 3 5 4 3 3 8 3 9 3 9 3 2 3 9 2 10 3 10 2 0 3 2 1 0 3 10 0 7 3 10 7 11 3 9 10 11 3 8 9 11 3 6 8 11 3 11 7 6 ",
"8418601 16 6 0 1 2 3 4 5 4 0 5 4 6 3 6 4 7 3 7 4 3 3 7 3 8 3 8 3 9 3 9 3 2 3 9 2 1 3 9 1 10 3 8 9 10 3 10 1 0 3 10 0 11 3 8 10 11 3 7 8 11 3 6 7 11 3 11 0 6 ",
"9742681 16 6 0 1 2 3 4 5 3 0 5 4 3 0 4 6 3 6 4 7 3 7 4 3 3 7 3 2 3 7 2 8 3 8 2 9 3 9 2 1 3 9 1 10 3 10 1 0 4 10 0 6 11 3 6 7 8 3 11 6 8 3 11 8 9 3 9 10 11 ",
"6158289 16 6 0 1 2 3 4 5 3 0 5 6 3 6 5 4 3 6 4 7 3 7 4 8 3 8 4 3 3 8 3 2 3 8 2 9 3 9 2 10 3 10 2 1 3 10 1 0 4 10 0 6 11 3 11 6 7 3 7 8 9 3 11 7 9 3 9 10 11 ",
"1534752 16 6 0 1 2 3 4 5 3 0 5 6 3 6 5 7 3 7 5 4 3 7 4 8 3 8 4 2 3 4 3 2 3 8 2 9 3 9 2 1 3 9 1 10 3 10 1 0 4 10 0 6 11 3 11 6 7 3 11 7 8 3 11 8 9 3 9 10 11 ",
"9838343 16 6 0 1 2 3 4 5 3 0 5 6 3 6 5 4 3 6 4 7 3 7 4 3 3 7 3 8 3 8 3 9 3 9 3 2 3 9 2 1 3 9 1 10 3 10 1 0 4 10 0 6 11 3 11 6 7 3 11 7 8 3 8 9 10 3 10 11 8 ",
"8230201 17 6 0 1 2 3 4 5 3 0 5 4 3 0 4 6 3 6 4 7 3 7 4 3 3 7 3 8 3 8 3 2 3 8 2 9 3 9 2 1 3 9 1 10 3 10 1 0 3 10 0 6 3 10 6 11 3 11 6 7 3 11 7 8 3 9 10 11 3 11 8 9 ",
"5055177 16 6 0 1 2 3 4 5 3 0 5 6 3 6 5 4 3 6 4 7 3 7 4 8 3 8 4 3 3 8 3 9 3 9 3 2 3 9 2 1 3 9 1 10 3 10 1 11 3 11 1 0 4 11 0 6 7 3 8 9 10 3 7 8 10 3 10 11 7 ",
"3145677 16 6 0 1 2 3 4 5 4 0 5 6 7 3 6 5 4 3 6 4 8 3 8 4 3 3 8 3 9 3 9 3 2 3 9 2 10 3 10 2 1 3 10 1 7 3 1 0 7 3 10 7 11 3 11 7 6 3 11 6 8 3 11 8 9 3 9 10 11 ",
"14372663 16 6 0 1 2 3 4 5 4 0 5 6 7 3 6 5 3 3 5 4 3 3 6 3 8 3 8 3 2 3 8 2 9 3 9 2 1 3 9 1 10 3 10 1 0 3 10 0 7 3 10 7 11 3 9 10 11 3 8 9 11 3 6 8 11 3 11 7 6 ",
"5237205 16 6 0 1 2 3 4 5 3 0 5 6 3 6 5 7 3 7 5 3 3 5 4 3 3 7 3 8 3 8 3 2 3 8 2 9 3 9 2 1 3 9 1 10 3 10 1 0 4 10 0 6 11 3 11 6 7 3 11 7 8 3 11 8 9 3 9 10 11 ",
"13667463 16 6 0 1 2 3 4 5 4 0 5 4 6 3 6 4 7 3 7 4 3 3 7 3 8 3 8 3 2 3 8 2 9 3 9 2 1 3 9 1 10 3 10 1 0 3 10 0 6 3 10 6 11 3 11 6 7 3 11 7 8 3 11 8 9 3 9 10 11 ",
"14963568 16 6 0 1 2 3 4 5 3 0 5 6 3 6 5 4 3 6 4 7 3 7 4 3 3 7 3 8 3 8 3 2 3 8 2 9 3 9 2 1 3 9 1 10 3 10 1 0 4 10 0 6 11 3 11 6 7 3 11 7 8 3 11 8 9 3 9 10 11 ",
"5183339 16 6 0 1 2 3 4 5 3 0 5 6 3 6 5 4 3 6 4 7 3 7 4 3 3 7 3 8 3 8 3 9 3 9 3 2 3 9 2 10 3 10 2 1 3 10 1 0 3 10 0 11 3 11 0 6 4 11 6 7 8 3 9 10 11 3 11 8 9 ",
"7728259 16 6 0 1 2 3 4 5 3 0 5 4 3 0 4 6 3 6 4 7 3 7 4 3 3 7 3 2 3 7 2 8 3 8 2 9 3 9 2 1 3 9 1 10 3 10 1 0 3 10 0 6 3 10 6 11 4 11 6 7 8 3 9 10 11 3 11 8 9 ",
//archive series/size = 0/0
// elapsed time: 2.105 secs 
// case completed: stack size = 0
// final loop count = 7746
// terminalList = 3
// total acceptable found = 3
// some missed cases = 0
//********************
"3586865 16 7 0 1 2 3 4 5 6 3 0 6 5 3 0 5 7 3 7 5 8 3 8 5 4 3 8 4 3 3 8 3 9 3 7 8 9 3 9 3 10 3 10 3 2 3 10 2 1 3 10 1 11 3 9 10 11 3 7 9 11 3 0 7 11 3 11 1 0 ",
"9123009 16 7 0 1 2 3 4 5 6 3 0 6 5 3 0 5 7 3 7 5 4 3 7 4 8 3 8 4 9 3 9 4 3 3 9 3 2 3 9 2 10 3 8 9 10 3 10 2 1 3 10 1 11 3 8 10 11 3 7 8 11 3 0 7 11 3 11 1 0 ",
"13873042 16 7 0 1 2 3 4 5 6 3 0 6 7 3 7 6 5 3 7 5 4 3 7 4 8 3 0 7 8 3 8 4 9 3 9 4 3 3 9 3 10 3 10 3 2 3 10 2 1 3 10 1 11 3 9 10 11 3 8 9 11 3 0 8 11 3 11 1 0 ",
//archive series/size = 0/0
// elapsed time: 0.0 secs 
// case completed: stack size = 0
// final loop count = 1
// terminalList = 0
// total acceptable found = 0
// some missed cases = 0
//********  0/17:  *****  3 3 4 4 4
//archive series/casenum/size = 0/0/0
// elapsed time: 0.0 secs 
// case completed: stack size = 0
// final loop count = 1
// terminalList = 0
// total acceptable found = 0
// some missed cases = 0
//********  1/17:  *****  3 4 3 4 4
//archive series/casenum/size = 0/1/0
// elapsed time: 0.0 secs 
// case completed: stack size = 0
// final loop count = 1
// terminalList = 0
// total acceptable found = 0
// some missed cases = 0
//********  2/17:  *****  3 3 3 3 3 4
//archive series/casenum/size = 0/2/0
// elapsed time: 0.0 secs 
// case completed: stack size = 0
// final loop count = 1
// terminalList = 0
// total acceptable found = 0
// some missed cases = 0
//********  3/17:  *****  4 4 4 4
//archive series/casenum/size = 0/3/0
// elapsed time: 0.01 secs 
// case completed: stack size = 0
// final loop count = 1
// terminalList = 0
// total acceptable found = 0
// some missed cases = 0
//********  4/17:  *****  3 3 4
//archive series/casenum/size = 0/4/0
// elapsed time: 0.404 secs 
// case completed: stack size = 0
// final loop count = 1054
// terminalList = 4
// total acceptable found = 4
// some missed cases = 0
//********************
"12327999 18 3 0 1 2 3 3 2 5 3 3 0 2 4 4 1 0 3 4 5 2 6 7 3 6 2 1 3 6 1 8 3 8 1 4 3 8 4 9 3 9 4 10 3 10 4 3 3 10 3 5 3 10 5 7 3 7 6 11 3 11 6 8 3 11 8 9 3 9 10 7 3 7 11 9 ",
"13514438 18 3 0 1 2 3 3 2 5 3 3 0 2 4 4 1 0 3 3 5 2 6 3 6 2 1 4 6 1 7 8 3 7 1 4 3 7 4 9 3 9 4 10 3 10 4 3 3 10 3 5 3 10 5 11 3 11 5 6 3 11 6 8 3 9 10 11 3 9 11 8 3 8 7 9 ",
"1494255 18 3 0 1 2 3 3 2 5 3 3 0 2 4 4 1 0 3 3 5 2 6 3 6 2 1 3 6 1 7 3 7 1 4 3 7 4 8 3 8 4 9 3 9 4 3 3 9 3 5 3 9 5 10 4 10 5 6 11 3 11 6 7 3 11 7 8 3 8 9 10 3 10 11 8 ",
"5686564 18 3 0 1 2 4 3 2 5 6 3 3 0 2 4 4 1 0 3 3 5 2 7 3 7 2 1 3 7 1 8 3 8 1 4 3 8 4 9 3 9 4 6 3 4 3 6 3 6 5 10 3 9 6 10 3 10 5 11 3 11 5 7 3 11 7 8 3 11 8 9 3 9 10 11 ",
//********  5/17:  *****  3 3 3 4 4
//archive series/casenum/size = 0/5/0
// elapsed time: 0.732 secs 
// case completed: stack size = 0
// final loop count = 1632
// terminalList = 3
// total acceptable found = 3
// some missed cases = 0
//********************
"11514029 17 3 0 1 2 3 3 2 8 3 3 0 2 3 4 0 3 4 6 5 0 4 4 7 1 0 5 3 8 2 9 4 9 2 1 7 3 9 7 10 3 8 9 10 3 10 7 6 3 7 5 6 3 6 4 11 3 11 4 3 3 11 3 8 3 10 6 11 3 11 8 10 ",
"9626819 18 3 0 1 2 3 3 2 8 3 3 0 2 3 4 0 3 4 6 5 0 4 4 7 1 0 5 3 8 2 1 3 8 1 9 3 9 1 7 3 9 7 10 3 10 7 6 3 7 5 6 3 10 6 4 3 10 4 11 3 11 4 3 3 9 10 11 3 8 9 11 3 11 3 8 ",
"13272504 18 3 0 1 2 3 3 2 8 3 3 0 2 3 4 0 3 4 6 5 0 4 4 7 1 0 5 3 8 2 9 3 9 2 1 3 9 1 7 3 9 7 10 3 8 9 10 3 10 7 6 3 7 5 6 3 6 4 11 3 11 4 3 3 11 3 8 3 11 8 10 3 10 6 11 ",
//********  6/17:  *****  3 3 4 3 4
//archive series/casenum/size = 0/6/0
// elapsed time: 0.672 secs 
// case completed: stack size = 0
// final loop count = 1331
// terminalList = 3
// total acceptable found = 3
// some missed cases = 0
//********************
"5711607 18 3 0 1 2 3 3 2 8 3 3 0 2 4 5 4 0 3 3 6 0 4 4 7 1 0 6 3 8 2 1 3 8 1 7 3 8 7 9 3 3 8 9 3 9 7 10 3 10 7 6 3 5 3 9 3 5 9 10 3 10 6 11 3 11 6 4 3 11 4 5 3 5 10 11 ",
"12438134 18 3 0 1 2 3 3 2 8 3 3 0 2 4 5 4 0 3 3 6 0 4 4 7 1 0 6 3 8 2 9 3 9 2 1 3 9 1 7 3 9 7 10 3 8 9 10 3 10 7 11 3 11 7 6 3 11 6 4 3 11 4 5 3 10 11 5 3 8 10 5 3 5 3 8 ",
"2940335 17 3 0 1 2 3 3 2 8 3 3 0 2 4 5 4 0 3 3 6 0 4 4 7 1 0 6 3 8 2 9 3 9 2 1 3 9 1 7 3 9 7 10 3 8 9 10 4 10 7 11 5 3 11 7 6 3 5 3 8 3 4 5 11 3 8 10 5 3 11 6 4 ",
//********  7/17:  *****  3 4 4
//archive series/casenum/size = 0/7/0
// elapsed time: 0.447 secs 
// case completed: stack size = 0
// final loop count = 811
// terminalList = 11
// total acceptable found = 11
// some missed cases = 0
//********************
"13553170 17 3 0 1 2 3 4 2 6 4 4 3 0 2 4 5 1 0 3 3 6 2 7 3 7 2 1 3 7 1 8 3 8 1 5 3 8 5 9 3 9 5 10 3 10 5 3 3 10 3 4 3 10 4 11 3 11 4 6 4 11 6 7 8 3 11 8 9 3 9 10 11 ",
"9447352 17 3 0 1 2 3 4 2 6 4 4 3 0 2 4 5 1 0 3 3 6 2 7 3 7 2 1 3 7 1 8 3 8 1 5 3 8 5 9 4 9 5 3 10 3 10 3 4 3 10 4 6 3 10 6 11 3 9 10 11 3 11 6 7 3 11 7 8 3 8 9 11 ",
"2417604 17 3 0 1 2 3 4 2 6 4 4 3 0 2 4 5 1 0 3 3 6 2 7 3 7 2 1 3 7 1 8 3 8 1 5 4 8 5 9 10 3 9 5 3 3 9 3 4 3 9 4 11 3 11 4 6 3 10 9 11 3 10 11 6 3 10 6 7 3 7 8 10 ",
"14971140 16 3 0 1 2 3 4 2 6 4 4 3 0 2 4 5 1 0 3 3 6 2 7 3 7 2 1 3 7 1 8 3 8 1 5 4 8 5 9 10 3 9 5 3 4 9 3 4 11 3 11 4 6 3 11 6 10 3 10 6 7 3 10 9 11 3 7 8 10 ",
"10277605 17 3 0 1 2 3 4 2 6 4 4 3 0 2 4 5 1 0 3 4 6 2 1 7 3 7 1 5 3 7 5 8 3 8 5 9 3 9 5 3 3 9 3 4 3 9 4 10 3 10 4 6 3 10 6 11 3 11 6 7 3 11 7 8 3 8 9 10 3 10 11 8 ",
"7871683 16 3 0 1 2 3 4 2 6 4 4 3 0 2 4 5 1 0 3 3 6 2 7 3 7 2 1 3 7 1 8 3 8 1 5 3 8 5 9 4 9 5 3 10 3 10 3 4 3 10 4 6 4 9 10 6 11 3 11 6 7 3 11 7 8 3 8 9 11 ",
"519587 17 3 0 1 2 4 4 2 6 7 4 4 3 0 2 4 5 1 0 3 3 6 2 1 3 6 1 8 3 8 1 5 3 8 5 9 3 9 5 10 3 10 5 3 3 10 3 4 3 10 4 7 3 7 6 11 3 11 6 8 3 9 10 7 3 9 7 11 3 11 8 9 ",
"4117287 17 3 0 1 2 3 4 2 6 4 4 3 0 2 4 5 1 0 3 3 6 2 7 3 7 2 1 3 7 1 8 3 8 1 5 3 8 5 9 3 9 5 10 3 10 5 3 3 10 3 4 3 10 4 11 3 11 4 6 4 11 6 7 9 3 7 8 9 3 9 10 11 ",
"15135196 17 3 0 1 2 3 4 2 6 4 4 3 0 2 4 5 1 0 3 3 6 2 7 3 7 2 1 3 7 1 8 3 8 1 5 4 8 5 9 10 3 9 5 3 3 9 3 4 3 10 9 4 3 10 4 6 3 6 7 11 3 11 7 8 3 11 8 10 3 10 6 11 ",
"7772607 17 3 0 1 2 3 4 2 6 4 4 3 0 2 4 5 1 0 3 3 6 2 7 3 7 2 1 3 7 1 8 3 8 1 5 3 8 5 9 3 9 5 3 3 9 3 4 3 9 4 10 3 10 4 6 3 10 6 11 3 11 6 7 3 11 7 8 4 8 9 10 11 ",
"10665307 17 3 0 1 2 3 4 2 6 4 4 3 0 2 4 5 1 0 3 3 6 2 7 3 7 2 1 3 7 1 8 3 8 1 5 3 8 5 9 3 9 5 10 3 10 5 3 3 10 3 4 3 10 4 11 3 11 4 6 4 11 6 8 9 3 6 7 8 3 9 10 11 ",
//********  8/17:  *****  3 4 4 4
//archive series/casenum/size = 0/8/0
// elapsed time: 0.855 secs 
// case completed: stack size = 0
// final loop count = 1900
// terminalList = 13
// total acceptable found = 13
// some missed cases = 0
//********************
"8140881 15 3 0 1 2 3 4 2 8 4 4 3 0 2 4 6 5 0 3 4 7 1 0 5 4 8 2 1 9 3 9 1 7 3 9 7 10 3 10 7 5 3 10 5 6 3 6 3 11 3 11 3 4 3 11 4 8 4 11 8 9 10 3 10 6 11 ",
"2100268 16 3 0 1 2 3 4 2 8 4 4 3 0 2 4 6 5 0 3 4 7 1 0 5 3 8 2 1 3 8 1 7 4 8 7 9 10 3 4 8 10 3 9 7 5 3 9 5 6 3 6 3 11 3 11 3 4 3 11 4 10 3 9 6 11 3 11 10 9 ",
"5270582 16 3 0 1 2 3 4 2 8 4 4 3 0 2 4 6 5 0 3 4 7 1 0 5 3 8 2 1 3 8 1 9 3 9 1 7 3 9 7 10 3 10 7 5 3 10 5 6 3 6 3 11 3 11 3 4 3 11 4 8 4 11 8 9 10 3 10 6 11 ",
"13833334 16 3 0 1 2 3 4 2 8 4 4 3 0 2 4 6 5 0 3 4 7 1 0 5 3 8 2 1 3 8 1 7 3 8 7 9 3 9 7 10 3 10 7 5 3 10 5 6 3 6 3 11 3 11 3 4 3 11 4 9 3 4 8 9 4 9 10 6 11 ",
"10860010 15 3 0 1 2 4 4 2 8 9 4 4 3 0 2 4 6 5 0 3 4 7 1 0 5 3 8 2 1 3 8 1 7 4 9 8 7 10 3 10 7 5 3 10 5 6 3 6 3 11 3 11 3 4 3 11 4 9 3 11 9 10 3 10 6 11 ",
"387691 16 3 0 1 2 3 4 2 8 4 4 3 0 2 4 6 5 0 3 4 7 1 0 5 3 8 2 1 3 8 1 9 3 9 1 7 3 9 7 10 3 10 7 5 3 10 5 6 3 6 3 11 3 11 3 4 3 11 4 8 3 11 8 9 4 9 10 6 11 ",
"3989059 16 3 0 1 2 4 4 2 8 9 4 4 3 0 2 4 6 5 0 3 4 7 1 0 5 3 8 2 1 3 8 1 7 3 9 8 7 3 9 7 10 3 10 7 5 3 10 5 6 3 6 3 11 3 11 3 4 3 11 4 9 3 11 9 10 3 10 6 11 ",
"4507834 16 3 0 1 2 4 4 2 8 9 4 4 3 0 2 4 6 5 0 3 4 7 1 0 5 3 8 2 1 3 8 1 7 3 8 7 10 3 9 8 10 3 10 7 5 3 10 5 6 3 6 3 11 3 11 3 4 3 11 4 9 3 9 10 6 3 6 11 9 ",
"15159793 16 3 0 1 2 3 4 2 8 4 4 3 0 2 4 6 5 0 3 4 7 1 0 5 3 8 2 1 3 8 1 7 3 8 7 9 4 9 7 5 10 3 10 5 6 3 6 3 11 3 11 3 4 3 11 4 9 3 4 8 9 3 11 9 10 3 10 6 11 ",
"2767788 16 3 0 1 2 3 4 2 8 4 4 3 0 2 4 6 5 0 3 4 7 1 0 5 3 8 2 1 3 8 1 9 3 9 1 7 3 9 7 10 3 10 7 5 3 10 5 6 3 6 3 11 3 11 3 4 4 11 4 8 9 3 11 9 10 3 10 6 11 ",
"10360054 16 3 0 1 2 3 4 2 8 4 4 3 0 2 4 6 5 0 3 4 7 1 0 5 3 8 2 1 3 8 1 9 3 9 1 7 4 9 7 10 11 3 10 7 5 3 10 5 6 3 6 3 11 3 11 3 4 3 11 10 6 3 9 11 4 3 4 8 9 ",
"9896766 16 3 0 1 2 3 4 2 8 4 4 3 0 2 4 6 5 0 3 4 7 1 0 5 3 8 2 1 3 8 1 7 4 8 7 9 10 3 4 8 10 3 9 7 5 3 9 5 6 3 6 3 11 3 11 3 4 3 11 4 10 3 10 9 6 3 6 11 10 ",
"1723156 17 3 0 1 2 3 4 2 8 4 4 3 0 2 4 6 5 0 3 4 7 1 0 5 3 8 2 1 3 8 1 7 3 8 7 9 3 9 7 10 3 10 7 5 3 10 5 6 3 6 3 11 3 11 3 4 3 11 4 9 3 4 8 9 3 10 6 11 3 11 9 10 ",
//********  9/17:  *****  4 4 4
//archive series/casenum/size = 0/9/0
// elapsed time: 0.0 secs 
// case completed: stack size = 0
// final loop count = 1
// terminalList = 0
// total acceptable found = 0
// some missed cases = 0
//********  10/17:  *****  3 3 3 3 3 3
//archive series/casenum/size = 0/10/0
// elapsed time: 0.0 secs 
// case completed: stack size = 0
// final loop count = 1
// terminalList = 0
// total acceptable found = 0
// some missed cases = 0
//********  11/17:  *****  3 3 4 4
//archive series/casenum/size = 0/11/0
// elapsed time: 0.815 secs 
// case completed: stack size = 0
// final loop count = 1550
// terminalList = 33
// total acceptable found = 33
// some missed cases = 0
//********************
"4668182 15 3 0 1 2 3 3 2 7 3 3 0 2 4 5 4 0 3 4 6 1 0 4 3 7 2 8 3 8 2 1 4 8 1 6 9 3 9 6 10 3 10 6 4 3 10 4 5 4 5 3 7 11 3 10 5 11 4 11 7 8 9 3 9 10 11 ",
"2486227 16 3 0 1 2 4 3 2 7 8 3 3 0 2 4 5 4 0 3 4 6 1 0 4 3 5 3 8 3 7 2 1 3 7 1 9 3 9 1 6 3 9 6 10 3 10 6 11 3 11 6 4 3 11 4 5 3 8 7 10 3 7 9 10 4 10 11 5 8 ",
"8850325 16 3 0 1 2 4 3 2 7 8 3 3 0 2 4 5 4 0 3 4 6 1 0 4 3 5 3 8 3 7 2 1 3 7 1 9 3 9 1 6 3 9 6 10 3 10 6 4 3 10 4 5 4 8 7 9 11 3 5 8 11 3 10 5 11 3 11 9 10 ",
"494200 16 3 0 1 2 4 3 2 7 8 3 3 0 2 4 5 4 0 3 4 6 1 0 4 3 5 3 8 3 7 2 1 3 7 1 9 3 9 1 6 4 9 6 10 11 3 10 6 4 3 10 4 5 3 8 7 11 3 7 9 11 3 11 10 5 3 5 8 11 ",
"8980652 17 3 0 1 2 3 3 2 7 3 3 0 2 4 5 4 0 3 4 6 1 0 4 3 7 2 8 3 8 2 1 3 8 1 6 3 8 6 9 3 9 6 10 3 10 6 4 3 10 4 5 3 5 3 7 3 5 7 11 3 10 5 11 4 11 7 8 9 3 9 10 11 ",
"2049614 16 3 0 1 2 4 3 2 7 8 3 3 0 2 4 5 4 0 3 4 6 1 0 4 3 5 3 8 3 7 2 1 4 7 1 6 9 3 8 7 9 3 9 6 10 3 10 6 4 3 10 4 5 3 5 8 11 3 11 8 9 3 11 9 10 3 10 5 11 ",
"9557282 16 3 0 1 2 4 3 2 7 8 3 3 0 2 4 5 4 0 3 4 6 1 0 4 3 5 3 8 3 7 2 9 3 9 2 1 3 9 1 6 4 9 6 10 11 3 10 6 4 3 10 4 5 3 7 9 11 3 8 7 11 3 10 5 8 3 8 11 10 ",
"1210520 16 3 0 1 2 4 3 2 7 8 3 3 0 2 4 5 4 0 3 4 6 1 0 4 3 5 3 8 3 7 2 1 3 7 1 9 3 9 1 6 3 9 6 10 3 10 6 4 3 10 4 5 3 8 7 11 3 11 7 9 3 11 9 10 4 10 5 8 11 ",
"2079139 14 3 0 1 2 4 3 2 7 8 3 3 0 2 4 5 4 0 3 4 6 1 0 4 3 5 3 8 4 7 2 1 9 3 9 1 6 4 9 6 10 11 3 10 6 4 3 10 4 5 3 7 9 11 3 8 7 11 4 11 10 5 8 ",
"111740 17 3 0 1 2 4 3 2 7 8 3 3 0 2 4 5 4 0 3 4 6 1 0 4 3 5 3 8 3 7 2 1 3 7 1 9 3 9 1 6 3 9 6 10 3 10 6 4 3 10 4 5 3 8 7 11 3 11 7 9 3 11 9 10 3 5 8 11 3 11 10 5 ",
"7908839 16 3 0 1 2 4 3 2 7 8 3 3 0 2 4 5 4 0 3 4 6 1 0 4 3 5 3 8 3 7 2 9 3 9 2 1 4 9 1 6 10 3 10 6 11 3 11 6 4 3 11 4 5 3 8 7 10 3 7 9 10 3 8 10 11 3 11 5 8 ",
"4512174 16 3 0 1 2 3 3 2 7 3 3 0 2 4 5 4 0 3 4 6 1 0 4 3 7 2 8 3 8 2 1 4 8 1 6 9 3 9 6 10 3 10 6 4 3 10 4 5 4 5 3 7 11 3 10 5 11 3 11 7 9 3 7 8 9 3 9 10 11 ",
"6698229 17 3 0 1 2 4 3 2 7 8 3 3 0 2 4 5 4 0 3 4 6 1 0 4 3 5 3 8 3 7 2 1 3 7 1 9 3 9 1 6 3 9 6 10 3 10 6 11 3 11 6 4 3 11 4 5 3 8 7 10 3 7 9 10 3 11 5 8 3 8 10 11 ",
"12622430 16 3 0 1 2 4 3 2 7 8 3 3 0 2 4 5 4 0 3 4 6 1 0 4 3 5 3 8 3 7 2 9 3 9 2 1 3 9 1 6 3 9 6 10 3 10 6 4 3 10 4 5 3 8 7 11 4 11 7 9 10 3 11 10 5 3 5 8 11 ",
"2048449 17 3 0 1 2 3 3 2 7 3 3 0 2 4 5 4 0 3 4 6 1 0 4 3 7 2 1 3 7 1 8 3 8 1 6 3 8 6 9 3 9 6 4 3 9 4 5 3 5 3 10 3 10 3 7 4 10 7 8 11 3 11 8 9 3 11 9 5 3 5 10 11 ",
"13971158 16 3 0 1 2 4 3 2 7 8 3 3 0 2 4 5 4 0 3 4 6 1 0 4 3 5 3 8 3 7 2 1 3 7 1 9 3 9 1 6 3 9 6 10 3 10 6 11 3 11 6 4 3 11 4 5 4 8 7 9 10 3 5 8 10 3 10 11 5 ",
"11864428 15 3 0 1 2 4 3 2 7 8 3 3 0 2 4 5 4 0 3 4 6 1 0 4 3 5 3 8 4 7 2 1 9 3 9 1 6 4 9 6 10 11 3 10 6 4 3 10 4 5 3 7 9 11 3 8 7 11 3 11 10 5 3 5 8 11 ",
"4465006 17 3 0 1 2 3 3 2 7 3 3 0 2 4 5 4 0 3 4 6 1 0 4 3 7 2 1 3 7 1 8 3 8 1 6 3 8 6 9 3 9 6 10 3 10 6 4 3 10 4 5 3 5 3 11 3 11 3 7 4 11 7 8 9 3 9 10 5 3 5 11 9 ",
"14841792 18 3 0 1 2 3 3 2 7 3 3 0 2 4 5 4 0 3 4 6 1 0 4 3 7 2 1 3 7 1 8 3 8 1 6 3 8 6 9 3 9 6 10 3 10 6 4 3 10 4 5 3 5 3 11 3 11 3 7 3 11 7 8 3 11 8 9 3 9 10 5 3 5 11 9 ",
"5943147 17 3 0 1 2 4 3 2 7 8 3 3 0 2 4 5 4 0 3 4 6 1 0 4 3 5 3 8 3 7 2 9 3 9 2 1 3 9 1 6 3 9 6 10 3 10 6 11 3 11 6 4 3 11 4 5 3 8 7 10 3 7 9 10 3 11 5 8 3 8 10 11 ",
"11137077 17 3 0 1 2 3 3 2 7 3 3 0 2 4 5 4 0 3 4 6 1 0 4 4 7 2 8 9 3 8 2 1 3 8 1 6 3 9 8 6 3 9 6 10 3 10 6 4 3 10 4 5 3 5 3 7 3 7 9 11 3 11 9 10 3 11 10 5 3 5 7 11 ",
"1564445 16 3 0 1 2 4 3 2 7 8 3 3 0 2 4 5 4 0 3 4 6 1 0 4 3 5 3 8 3 7 2 1 3 7 1 9 3 9 1 6 4 9 6 10 11 3 10 6 4 3 10 4 5 3 8 7 9 3 8 9 11 3 5 8 11 3 11 10 5 ",
"3724283 17 3 0 1 2 4 3 2 7 8 3 3 0 2 4 5 4 0 3 4 6 1 0 4 3 5 3 8 3 7 2 1 3 7 1 6 3 7 6 9 3 8 7 9 3 9 6 10 3 10 6 4 3 10 4 5 3 5 8 11 3 11 8 9 3 11 9 10 3 10 5 11 ",
"3474093 16 3 0 1 2 4 3 2 7 8 3 3 0 2 4 5 4 0 3 4 6 1 0 4 3 5 3 8 4 7 2 1 9 3 9 1 6 3 9 6 10 3 10 6 4 3 10 4 5 3 8 7 11 3 11 7 9 3 11 9 10 3 5 8 11 3 11 10 5 ",
"14760761 17 3 0 1 2 3 3 2 7 3 3 0 2 4 5 4 0 3 4 6 1 0 4 3 7 2 1 4 7 1 6 8 3 8 6 9 3 9 6 4 3 9 4 5 3 5 3 10 3 10 3 7 3 10 7 8 3 8 9 11 3 11 9 5 3 11 5 10 3 10 8 11 ",
"6014686 17 3 0 1 2 4 3 2 7 8 3 3 0 2 4 5 4 0 3 4 6 1 0 4 3 5 3 8 3 7 2 1 3 7 1 9 3 9 1 6 3 9 6 10 3 10 6 11 3 11 6 4 3 11 4 5 3 8 7 9 3 8 9 10 3 5 8 10 3 10 11 5 ",
"2900383 17 3 0 1 2 3 3 2 7 3 3 0 2 4 5 4 0 3 4 6 1 0 4 3 7 2 8 3 8 2 1 3 8 1 6 3 8 6 9 3 9 6 10 3 10 6 4 3 10 4 5 3 5 3 11 3 11 3 7 4 11 7 8 9 3 10 5 11 3 11 9 10 ",
"6822250 16 3 0 1 2 4 3 2 7 8 3 3 0 2 4 5 4 0 3 4 6 1 0 4 3 5 3 8 3 7 2 1 3 7 1 9 3 9 1 6 4 9 6 10 11 3 10 6 4 3 10 4 5 3 8 7 11 3 7 9 11 3 10 5 8 3 8 11 10 ",
"621393 17 3 0 1 2 3 3 2 7 3 3 0 2 4 5 4 0 3 4 6 1 0 4 4 7 2 8 9 3 8 2 1 3 8 1 6 3 8 6 10 3 9 8 10 3 10 6 4 3 10 4 5 3 5 3 11 3 11 3 7 3 11 7 9 3 9 10 5 3 5 11 9 ",
"1702764 18 3 0 1 2 3 3 2 7 3 3 0 2 4 5 4 0 3 4 6 1 0 4 3 7 2 8 3 8 2 1 3 8 1 6 3 8 6 9 3 9 6 10 3 10 6 4 3 10 4 5 3 5 3 11 3 11 3 7 3 11 7 9 3 7 8 9 3 10 5 11 3 11 9 10 ",
"16469 16 3 0 1 2 3 3 2 7 3 3 0 2 4 5 4 0 3 4 6 1 0 4 4 7 2 8 9 3 8 2 1 3 8 1 6 3 9 8 6 3 9 6 10 3 10 6 4 3 10 4 5 3 5 3 11 3 11 3 7 4 11 7 9 10 3 10 5 11 ",
"1592976 17 3 0 1 2 3 3 2 7 3 3 0 2 4 5 4 0 3 4 6 1 0 4 3 7 2 8 3 8 2 1 4 8 1 6 9 3 9 6 10 3 10 6 4 3 10 4 5 3 5 3 7 3 5 7 11 3 10 5 11 3 11 7 8 3 11 8 9 3 9 10 11 ",
"13919207 17 3 0 1 2 3 3 2 7 3 3 0 2 4 5 4 0 3 4 6 1 0 4 4 7 2 8 9 3 8 2 1 3 8 1 6 3 9 8 6 3 9 6 10 3 10 6 4 3 10 4 5 3 5 3 11 3 11 3 7 3 11 7 9 3 11 9 10 3 10 5 11 ",
//********  12/17:  *****  4 3 4 3
//archive series/casenum/size = 0/12/0
// elapsed time: 1.827 secs 
// case completed: stack size = 0
// final loop count = 2700
// terminalList = 41
// total acceptable found = 41
// some missed cases = 0
//********************
"2955173 17 4 0 1 2 3 3 4 3 7 3 4 0 3 4 6 5 0 4 3 1 0 5 3 7 3 2 3 7 2 8 3 8 2 1 3 8 1 9 3 9 1 5 3 9 5 10 3 10 5 6 3 6 4 11 3 11 4 7 4 11 7 8 9 3 11 9 10 3 10 6 11 ",
"10546240 17 4 0 1 2 3 4 4 3 7 8 3 4 0 3 4 6 5 0 4 3 1 0 5 3 7 3 2 3 6 4 8 3 7 2 9 3 9 2 1 3 9 1 10 3 10 1 5 3 10 5 6 3 8 7 11 3 11 7 9 3 11 9 10 3 6 8 11 3 11 10 6 ",
"8135400 14 4 0 1 2 3 4 4 3 7 8 3 4 0 3 4 6 5 0 4 3 1 0 5 3 7 3 2 3 6 4 8 4 7 2 9 10 3 9 2 1 3 8 7 10 4 9 1 5 11 3 11 5 6 3 10 9 11 4 11 6 8 10 ",
"7423490 17 4 0 1 2 3 3 4 3 7 3 4 0 3 4 6 5 0 4 3 1 0 5 3 7 3 2 4 7 2 8 9 3 8 2 1 3 8 1 10 3 10 1 5 3 10 5 6 3 6 4 9 3 4 7 9 3 9 8 11 3 11 8 10 3 11 10 6 3 6 9 11 ",
"1609496 17 4 0 1 2 3 3 4 3 7 3 4 0 3 4 6 5 0 4 3 1 0 5 3 7 3 2 4 7 2 8 9 3 8 2 1 3 8 1 10 3 10 1 5 3 10 5 11 3 11 5 6 3 6 4 9 3 4 7 9 3 9 8 11 3 8 10 11 3 11 6 9 ",
"5674121 17 4 0 1 2 3 3 4 3 7 3 4 0 3 4 6 5 0 4 3 1 0 5 3 7 3 2 3 7 2 8 3 8 2 1 3 8 1 9 3 9 1 5 3 9 5 6 3 6 4 10 3 10 4 7 4 10 7 8 11 3 11 8 9 3 6 10 11 3 11 9 6 ",
"2486227 16 4 0 1 2 3 4 4 3 7 8 3 4 0 3 4 6 5 0 4 3 1 0 5 3 7 3 2 3 6 4 8 3 7 2 9 4 9 2 1 10 3 10 1 5 3 10 5 6 3 8 7 9 3 9 10 11 3 11 10 6 3 11 6 8 3 8 9 11 ",
"8850325 16 4 0 1 2 3 3 4 3 7 3 4 0 3 4 6 5 0 4 3 1 0 5 4 7 3 2 8 3 8 2 9 3 9 2 1 3 9 1 5 4 9 5 6 10 3 8 9 10 3 6 4 11 3 11 4 7 3 10 6 11 3 11 7 8 3 8 10 11 ",
"4403604 17 4 0 1 2 3 3 4 3 7 3 4 0 3 4 6 5 0 4 3 1 0 5 3 7 3 2 3 7 2 8 3 8 2 9 3 9 2 1 3 9 1 10 3 10 1 5 3 10 5 11 3 11 5 6 3 6 4 7 3 6 7 8 3 11 6 8 4 8 9 10 11 ",
"494200 16 4 0 1 2 3 3 4 3 7 3 4 0 3 4 6 5 0 4 3 1 0 5 4 7 3 2 8 3 8 2 9 3 9 2 1 3 9 1 10 3 10 1 5 3 10 5 6 3 6 4 7 3 6 7 11 3 10 6 11 3 11 7 8 4 8 9 10 11 ",
"1031573 17 4 0 1 2 3 3 4 3 7 3 4 0 3 4 6 5 0 4 3 1 0 5 3 7 3 2 3 7 2 8 3 8 2 9 3 9 2 1 3 9 1 5 3 9 5 10 3 10 5 6 3 6 4 11 3 11 4 7 4 11 7 8 10 3 8 9 10 3 10 6 11 ",
"9557282 16 4 0 1 2 3 3 4 3 7 3 4 0 3 4 6 5 0 4 3 1 0 5 4 7 3 2 8 3 8 2 9 3 9 2 1 3 9 1 5 3 9 5 10 3 10 5 6 3 6 4 11 3 11 4 7 3 11 7 8 4 11 8 9 10 3 10 6 11 ",
"2049614 16 4 0 1 2 3 3 4 3 7 3 4 0 3 4 6 5 0 4 3 1 0 5 4 7 3 2 8 3 8 2 9 3 9 2 1 3 9 1 10 3 10 1 5 3 10 5 11 3 11 5 6 3 6 4 7 4 11 6 7 8 3 11 8 9 3 9 10 11 ",
"1210520 16 4 0 1 2 3 4 4 3 7 8 3 4 0 3 4 6 5 0 4 3 1 0 5 3 7 3 2 3 6 4 8 3 7 2 9 4 9 2 1 10 3 10 1 5 3 10 5 6 3 8 7 11 3 11 7 9 3 11 9 10 3 11 10 6 3 6 8 11 ",
"9942238 17 4 0 1 2 3 3 4 3 7 3 4 0 3 4 6 5 0 4 3 1 0 5 3 7 3 2 3 7 2 8 3 8 2 9 3 9 2 1 3 9 1 10 3 10 1 5 3 10 5 11 3 11 5 6 3 6 4 8 3 4 7 8 4 11 6 8 9 3 9 10 11 ",
"8461441 16 4 0 1 2 3 3 4 3 7 3 4 0 3 4 6 5 0 4 3 1 0 5 3 7 3 2 4 7 2 8 9 3 8 2 1 3 8 1 5 3 8 5 10 3 10 5 6 3 9 8 10 3 6 4 11 3 11 4 7 3 11 7 9 4 9 10 6 11 ",
"2079139 14 4 0 1 2 3 4 4 3 7 8 3 4 0 3 4 6 5 0 4 3 1 0 5 3 7 3 2 3 6 4 8 3 7 2 9 4 9 2 1 10 3 10 1 5 4 10 5 6 11 3 11 6 8 3 9 10 11 4 11 8 7 9 ",
"7908839 16 4 0 1 2 3 3 4 3 7 3 4 0 3 4 6 5 0 4 3 1 0 5 4 7 3 2 8 3 8 2 9 3 9 2 1 3 9 1 5 3 9 5 10 3 10 5 6 3 6 4 11 3 11 4 7 4 11 7 8 10 3 8 9 10 3 10 6 11 ",
"111740 17 4 0 1 2 3 3 4 3 7 3 4 0 3 4 6 5 0 4 3 1 0 5 4 7 3 2 8 3 8 2 9 3 9 2 1 3 9 1 10 3 10 1 5 3 10 5 6 3 6 4 7 3 6 7 11 3 10 6 11 3 11 7 8 3 9 10 11 3 11 8 9 ",
"6698229 17 4 0 1 2 3 3 4 3 7 3 4 0 3 4 6 5 0 4 3 1 0 5 4 7 3 2 8 3 8 2 9 3 9 2 1 3 9 1 5 3 9 5 10 3 10 5 6 3 6 4 7 3 6 7 11 3 10 6 11 3 11 7 8 3 8 9 10 3 10 11 8 ",
"12622430 16 4 0 1 2 3 3 4 3 7 3 4 0 3 4 6 5 0 4 3 1 0 5 4 7 3 2 8 3 8 2 9 3 9 2 1 3 9 1 10 3 10 1 5 3 10 5 6 3 6 4 11 3 11 4 7 3 11 7 8 3 11 8 9 4 9 10 6 11 ",
"2601238 16 4 0 1 2 3 4 4 3 7 8 3 4 0 3 4 6 5 0 4 3 1 0 5 3 7 3 2 3 6 4 8 4 7 2 9 10 3 9 2 1 3 8 7 10 3 9 1 5 3 9 5 11 3 11 5 6 3 10 9 11 3 11 6 8 3 8 10 11 ",
"13971158 16 4 0 1 2 3 3 4 3 7 3 4 0 3 4 6 5 0 4 3 1 0 5 4 7 3 2 8 3 8 2 9 3 9 2 1 3 9 1 5 4 9 5 6 10 3 8 9 10 3 6 4 11 3 11 4 7 3 10 6 11 3 7 8 10 3 10 11 7 ",
"11864428 15 4 0 1 2 3 4 4 3 7 8 3 4 0 3 4 6 5 0 4 3 1 0 5 3 7 3 2 3 6 4 8 3 7 2 9 4 9 2 1 10 3 10 1 5 4 10 5 6 11 3 11 6 8 3 9 10 11 3 11 8 7 3 7 9 11 ",
"13279336 16 4 0 1 2 3 3 4 3 7 3 4 0 3 4 6 5 0 4 3 1 0 5 3 7 3 2 4 7 2 8 9 3 8 2 1 3 8 1 10 3 10 1 5 3 10 5 6 3 6 4 11 3 11 4 7 3 11 7 9 3 9 8 10 4 10 6 11 9 ",
"5943147 17 4 0 1 2 3 3 4 3 7 3 4 0 3 4 6 5 0 4 3 1 0 5 4 7 3 2 8 3 8 2 9 3 9 2 1 3 9 1 5 3 9 5 10 3 10 5 6 3 6 4 11 3 11 4 7 3 11 7 8 3 11 8 10 3 8 9 10 3 10 6 11 ",
"13281665 17 4 0 1 2 3 3 4 3 7 3 4 0 3 4 6 5 0 4 3 1 0 5 3 7 3 2 3 7 2 8 3 8 2 1 3 8 1 9 3 9 1 5 3 9 5 10 3 10 5 6 3 6 4 11 3 11 4 7 3 11 7 8 4 11 8 9 10 3 10 6 11 ",
"1564445 16 4 0 1 2 3 3 4 3 7 3 4 0 3 4 6 5 0 4 3 1 0 5 4 7 3 2 8 3 8 2 9 3 9 2 1 3 9 1 10 3 10 1 5 3 10 5 11 3 11 5 6 3 6 4 7 3 11 6 7 3 11 7 8 4 8 9 10 11 ",
"3724283 17 4 0 1 2 3 3 4 3 7 3 4 0 3 4 6 5 0 4 3 1 0 5 4 7 3 2 8 3 8 2 9 3 9 2 1 3 9 1 10 3 10 1 5 3 10 5 11 3 11 5 6 3 6 4 7 3 6 7 8 3 11 6 8 3 11 8 9 3 9 10 11 ",
"5931024 17 4 0 1 2 3 3 4 3 7 3 4 0 3 4 6 5 0 4 3 1 0 5 3 7 3 2 3 7 2 8 3 8 2 9 3 9 2 1 3 9 1 5 3 9 5 10 3 10 5 6 3 6 4 11 3 11 4 7 3 11 7 8 4 10 6 11 8 3 8 9 10 ",
"6117965 18 4 0 1 2 3 3 4 3 7 3 4 0 3 4 6 5 0 4 3 1 0 5 3 7 3 2 3 7 2 8 3 8 2 9 3 9 2 1 3 9 1 5 3 9 5 10 3 10 5 6 3 6 4 11 3 11 4 7 3 11 7 8 3 11 8 10 3 8 9 10 3 10 6 11 ",
"3474093 16 4 0 1 2 3 3 4 3 7 3 4 0 3 4 6 5 0 4 3 1 0 5 4 7 3 2 8 3 8 2 9 3 9 2 1 3 9 1 5 3 9 5 10 3 10 5 6 4 6 4 7 11 3 10 6 11 3 11 7 8 3 8 9 10 3 10 11 8 ",
"12849350 15 4 0 1 2 3 4 4 3 7 8 3 4 0 3 4 6 5 0 4 3 1 0 5 3 7 3 2 3 6 4 8 4 7 2 9 10 3 9 2 1 3 8 7 10 4 9 1 5 11 3 11 5 6 3 10 9 11 3 11 6 8 3 8 10 11 ",
"12085834 16 4 0 1 2 3 4 4 3 7 8 3 4 0 3 4 6 5 0 4 3 1 0 5 3 7 3 2 3 6 4 8 4 7 2 9 10 3 9 2 1 3 8 7 10 3 9 1 5 3 9 5 11 3 11 5 6 3 10 9 11 3 6 8 10 3 10 11 6 ",
"6014686 17 4 0 1 2 3 3 4 3 7 3 4 0 3 4 6 5 0 4 3 1 0 5 4 7 3 2 8 3 8 2 9 3 9 2 1 3 9 1 10 3 10 1 5 3 10 5 11 3 11 5 6 3 6 4 7 3 11 6 7 3 11 7 8 3 8 9 10 3 10 11 8 ",
"6032014 17 4 0 1 2 3 3 4 3 7 3 4 0 3 4 6 5 0 4 3 1 0 5 3 7 3 2 3 7 2 8 3 8 2 1 3 8 1 9 3 9 1 5 3 9 5 10 3 10 5 6 3 6 4 11 3 11 4 7 4 11 7 8 10 3 8 9 10 3 10 6 11 ",
"6822250 16 4 0 1 2 3 3 4 3 7 3 4 0 3 4 6 5 0 4 3 1 0 5 4 7 3 2 8 3 8 2 9 3 9 2 1 3 9 1 5 3 9 5 10 3 10 5 6 3 6 4 7 3 6 7 11 3 10 6 11 3 11 7 8 4 8 9 10 11 ",
"6567454 18 4 0 1 2 3 3 4 3 7 3 4 0 3 4 6 5 0 4 3 1 0 5 3 7 3 2 3 7 2 8 3 8 2 9 3 9 2 1 3 9 1 10 3 10 1 5 3 10 5 11 3 11 5 6 3 6 4 7 3 6 7 8 3 11 6 8 3 9 10 11 3 11 8 9 ",
"4136401 17 4 0 1 2 3 3 4 3 7 3 4 0 3 4 6 5 0 4 3 1 0 5 3 7 3 2 4 7 2 8 9 3 8 2 1 3 8 1 10 3 10 1 5 3 10 5 6 3 6 4 11 3 11 4 7 3 11 7 9 3 9 8 10 3 6 11 9 3 9 10 6 ",
"1010700 17 4 0 1 2 3 3 4 3 7 3 4 0 3 4 6 5 0 4 3 1 0 5 3 7 3 2 4 7 2 8 9 3 8 2 1 3 8 1 5 3 8 5 10 3 10 5 6 3 9 8 10 3 6 4 11 3 11 4 7 3 11 7 9 3 9 10 6 3 6 11 9 ",
"9229990 17 4 0 1 2 3 3 4 3 7 3 4 0 3 4 6 5 0 4 3 1 0 5 3 7 3 2 4 7 2 8 9 3 8 2 1 3 8 1 5 3 8 5 10 3 10 5 6 3 9 8 10 3 6 4 11 3 11 4 7 3 11 7 9 3 10 6 11 3 11 9 10 ",
//********  13/17:  *****  3 3 3 4
//archive series/casenum/size = 0/13/0
// elapsed time: 0.977 secs 
// case completed: stack size = 0
// final loop count = 824
// terminalList = 14
// total acceptable found = 14
// some missed cases = 0
//********************
"4295621 19 3 0 1 2 3 3 2 6 3 3 0 2 3 4 0 3 4 5 1 0 4 3 6 2 7 3 7 2 1 3 7 1 8 3 8 1 5 3 8 5 9 3 9 5 4 3 9 4 10 3 10 4 3 3 10 3 6 3 10 6 11 3 11 6 7 3 11 7 8 3 9 10 11 3 11 8 9 ",
"8973928 18 3 0 1 2 4 3 2 6 7 3 3 0 2 3 4 0 3 4 5 1 0 4 3 6 2 8 3 8 2 1 3 8 1 5 3 8 5 9 3 9 5 10 3 10 5 4 3 10 4 11 3 11 4 3 3 11 3 7 3 7 6 9 3 6 8 9 3 10 11 7 3 7 9 10 ",
"8499354 17 3 0 1 2 4 3 2 6 7 3 3 0 2 3 4 0 3 4 5 1 0 4 3 6 2 1 3 6 1 8 3 8 1 5 3 8 5 9 3 9 5 4 3 9 4 10 3 10 4 3 3 10 3 7 3 7 6 11 3 11 6 8 4 11 8 9 10 3 10 7 11 ",
"5896780 18 3 0 1 2 4 3 2 6 7 3 3 0 2 3 4 0 3 4 5 1 0 4 3 6 2 1 3 6 1 8 3 8 1 5 3 8 5 9 3 9 5 4 3 9 4 10 3 10 4 3 3 10 3 7 3 7 6 11 3 11 6 8 3 11 8 9 3 10 7 11 3 11 9 10 ",
"5345610 18 3 0 1 2 3 3 2 6 3 3 0 2 3 4 0 3 4 5 1 0 4 3 6 2 7 3 7 2 1 3 7 1 8 3 8 1 5 3 8 5 9 3 9 5 4 3 9 4 10 3 10 4 3 3 10 3 6 4 10 6 7 11 3 11 7 8 3 9 10 11 3 11 8 9 ",
"12355467 18 3 0 1 2 4 3 2 6 7 3 3 0 2 3 4 0 3 4 5 1 0 4 3 6 2 1 3 6 1 8 3 8 1 5 3 8 5 9 3 9 5 10 3 10 5 4 3 10 4 3 3 10 3 7 3 7 6 11 3 11 6 8 3 11 8 9 3 9 10 7 3 7 11 9 ",
"15150651 18 3 0 1 2 3 3 2 6 3 3 0 2 3 4 0 3 4 5 1 0 4 4 6 2 7 8 3 7 2 1 3 7 1 9 3 9 1 5 3 9 5 10 3 10 5 11 3 11 5 4 3 11 4 6 3 4 3 6 3 11 6 8 3 8 7 10 3 7 9 10 3 10 11 8 ",
"9873386 18 3 0 1 2 3 3 2 6 3 3 0 2 3 4 0 3 4 5 1 0 4 4 6 2 7 8 3 7 2 1 3 7 1 9 3 9 1 5 3 9 5 10 3 10 5 11 3 11 5 4 3 11 4 3 3 11 3 6 3 10 11 6 3 10 6 8 3 8 7 9 3 9 10 8 ",
"7795949 18 3 0 1 2 3 3 2 6 3 3 0 2 3 4 0 3 4 5 1 0 4 3 6 2 1 3 6 1 7 3 7 1 5 3 7 5 8 3 8 5 9 3 9 5 4 3 9 4 10 3 10 4 3 3 10 3 6 4 10 6 7 11 3 11 7 8 3 9 10 11 3 11 8 9 ",
"15142969 18 3 0 1 2 4 3 2 6 7 3 3 0 2 3 4 0 3 4 5 1 0 4 3 6 2 1 3 6 1 8 3 8 1 5 3 8 5 9 3 9 5 10 3 10 5 4 3 10 4 11 3 11 4 3 3 11 3 7 3 7 6 9 3 6 8 9 3 10 11 7 3 7 9 10 ",
"5463975 18 3 0 1 2 3 3 2 6 3 3 0 2 3 4 0 3 4 5 1 0 4 4 6 2 7 8 3 7 2 1 3 7 1 9 3 9 1 5 3 9 5 8 3 8 5 10 3 8 7 9 3 10 5 4 3 6 8 10 3 10 4 11 3 11 4 3 3 11 3 6 3 6 10 11 ",
"1977064 18 3 0 1 2 4 3 2 6 7 3 3 0 2 3 4 0 3 4 5 1 0 4 3 6 2 1 3 6 1 5 3 6 5 8 3 7 6 8 3 8 5 9 3 9 5 4 3 9 4 10 3 10 4 3 3 10 3 7 3 7 8 11 3 11 8 9 3 11 9 10 3 10 7 11 ",
"8360358 18 3 0 1 2 3 3 2 6 3 3 0 2 3 4 0 3 4 5 1 0 4 3 6 2 7 3 7 2 1 3 7 1 8 3 8 1 5 3 8 5 9 3 9 5 10 3 10 5 4 3 10 4 11 3 11 4 3 3 11 3 6 4 11 6 7 9 3 7 8 9 3 9 10 11 ",
"9025801 18 3 0 1 2 3 3 2 6 3 3 0 2 3 4 0 3 4 5 1 0 4 4 6 2 7 8 3 7 2 1 3 7 1 9 3 9 1 5 3 9 5 10 3 10 5 4 3 10 4 11 3 11 4 3 3 11 3 6 3 11 6 8 3 8 7 9 3 10 11 8 3 8 9 10 ",
//********  14/17:  *****  3 3 3 3
//archive series/casenum/size = 0/14/0
// elapsed time: 0.377 secs 
// case completed: stack size = 0
// final loop count = 479
// terminalList = 0
// total acceptable found = 0
// some missed cases = 0
//********  15/17:  *****  3 3 3 3 4
//archive series/casenum/size = 0/15/0
// elapsed time: 0.76 secs 
// case completed: stack size = 0
// final loop count = 534
// terminalList = 0
// total acceptable found = 0
// some missed cases = 0
//********  16/17:  *****  3 3 3 3 3
//archive series/casenum/size = 0/16/0
// elapsed time: 0.014 secs 
// case completed: stack size = 0
// final loop count = 29
// terminalList = 1
// total acceptable found = 1
// some missed cases = 0
//********************
"6887759 20 3 0 1 2 3 3 2 6 3 3 0 2 3 4 0 3 3 5 0 4 3 1 0 5 3 6 2 7 3 7 2 1 3 7 1 8 3 8 1 5 3 8 5 9 3 9 5 4 3 9 4 10 3 10 4 3 3 10 3 6 3 10 6 11 3 11 6 7 3 11 7 8 3 9 10 11 3 11 8 9 ",
~/Desktop/flyspeck_google/source/graph_generator/classes$ cd ..
